0 14
1 29
2 10
3 8
4 50
5 4
6 5
7 6
8 6
9 142
10 66
11 13
12 9
13 21
14 45
15 5
16 10
17 4
18 9
19 19
20 7
21 18
22 36
23 25
24 109
25 27
26 6
27 12
28 11
29 9
30 101
31 37
32 7
33 44
34 16
35 21
36 7
37 6
38 5
39 5
40 5
41 12
42 91
43 31
44 5
45 89
46 7
47 5
48 7
49 14
50 7
51 114
52 30
53 188
54 17
55 19
56 22
57 15
58 11
59 35
60 16
61 6
62 18
63 15
64 9
65 24
66 22
67 22
68 10
69 37
70 6
71 5
72 77
73 5
74 28
75 13
76 75
77 86
78 11
79 169
80 20
81 15
82 17
83 36
84 36
85 13
86 5
87 75
88 20
89 80
90 8
91 13
92 3
93 8
94 93
95 5
96 17
97 25
98 9
99 12
100 10
101 45
102 32
103 4
104 7
105 4
106 4
107 25
108 100
109 6
110 7
111 8
112 16
113 15
114 10
115 7
116 14
117 30
118 10
119 92
120 32
121 27
122 7
123 9
124 42
125 8
126 135
127 8
128 24
129 3
130 4
131 20
132 16
133 13
134 10
135 12
136 5
137 12
138 6
139 72
140 5
141 34
142 5
143 9
144 18
145 6
146 19
147 114
148 22
149 8
150 11
151 11
152 5
153 11
154 11
155 5
156 14
157 8
158 13
159 4
160 7
161 4
162 41
163 34
164 14
165 5
166 92
167 8
168 31
169 3
170 8
171 8
172 5
173 21
174 6
175 11
176 212
177 83
178 48
179 6
180 8
181 7
182 16
183 15
184 103
185 47
186 9
187 251
188 11
189 14
190 39
191 36
192 15
193 10
194 5
195 59
196 9
197 9
198 6
199 5
200 89
201 32
202 142
203 35
204 9
205 8
206 23
207 18
208 21
209 10
210 8
211 8
212 7
213 9
214 7
215 5
216 4
217 13
218 20
219 6
220 5
221 26
222 10
223 35
224 3
225 40
226 7
227 6
228 4
229 4
230 9
231 8
232 9
233 8
234 51
235 4
236 3
237 47
238 30
239 13
240 3
241 5
242 5
243 4
244 188
245 154
246 10
247 22
248 4
249 40
250 17
251 14
252 11
253 5
254 5
255 7
256 26
257 27
258 5
259 5
260 5
261 10
262 7
263 8
264 9
265 13
266 86
267 6
268 6
269 12
270 15
271 6
272 5
273 24
274 22
275 21
276 8
277 7
278 27
279 10
280 10
281 85
282 59
283 8
284 3
285 5
286 4
287 24
288 15
289 36
290 10
291 9
292 14
293 12
294 27
295 12
296 7
297 6
298 15
299 17
300 22
301 10
302 48
303 437
304 5
305 24
306 8
307 8
308 24
309 10
310 15
311 23
312 16
313 10
314 12
315 10
316 7
317 59
318 5
319 15
320 77
321 44
322 12
323 15
324 15
325 6
326 12
327 7
328 21
329 12
330 32
331 6
332 51
333 49
334 36
335 9
336 81
337 5
338 4
339 6
340 9
341 56
342 7
343 13
344 18
345 7
346 13
347 5
348 10
349 3
350 15
351 156
352 10
353 21
354 6
355 27
356 8
357 3
358 5
359 6
360 12
361 7
362 7
363 31
364 7
365 61
366 16
367 10
368 6
369 68
370 3
371 10
372 11
373 17
374 11
375 4
376 19
377 10
378 112
379 8
380 9
381 19
382 30
383 5
384 5
385 8
386 7
387 7
388 5
389 5
390 22
391 9
392 5
393 8
394 12
395 4
396 4
397 15
398 4
399 65
400 178
401 4
402 14
403 22
404 8
405 9
406 23
407 5
408 37
409 13
410 28
411 11
412 17
413 24
414 5
415 8
416 12
417 8
418 6
419 200
420 11
421 6
422 17
423 27
424 8
425 22
426 3
427 14
428 75
429 11
430 11
431 22
432 4
433 33
434 6
435 7
436 23
437 27
438 4
439 8
440 47
441 12
442 6
443 5
444 71
445 11
446 23
447 11
448 4
449 4
450 5
451 40
452 4
453 56
454 71
455 13
456 13
457 128
458 138
459 84
460 6
461 3
462 5
463 5
464 183
465 35
466 5
467 7
468 15
469 19
470 5
471 5
472 4
473 67
474 10
475 11
476 6
477 9
478 6
479 16
480 19
481 155
482 37
483 6
484 13
485 144
486 24
487 3
488 5
489 7
490 7
491 81
492 9
493 6
494 17
495 57
496 4
497 138
498 5
499 12
500 22
501 12
502 4
503 6
504 9
505 3
506 9
507 6
508 13
509 8
510 13
511 17
512 12
513 159
514 8
515 81
516 31
517 6
518 10
519 15
520 7
521 10
522 19
523 7
524 22
525 8
526 70
527 5
528 15
529 42
530 19
531 14
532 19
533 31
534 26
535 4
536 114
537 9
538 9
539 10
540 5
541 9
542 9
543 11
544 65
545 83
546 9
547 17
548 13
549 5
550 37
551 7
552 28
553 130
554 30
555 3
556 5
557 23
558 6
559 9
560 10
561 13
562 73
563 20
564 5
565 103
566 125
567 25
568 11
569 7
570 5
571 7
572 57
573 16
574 5
575 8
576 9
577 17
578 22
579 73
580 57
581 18
582 23
583 10
584 7
585 7
586 22
587 5
588 7
589 3
590 24
591 19
592 16
593 32
594 118
595 26
596 30
597 26
598 11
599 13
600 15
601 55
602 75
603 8
604 5
605 27
606 17
607 10
608 4
609 119
610 23
611 18
612 5
613 4
614 9
615 6
616 8
617 6
618 4
619 6
620 18
621 16
622 5
623 9
624 35
625 16
626 272
627 10
628 6
629 90
630 15
631 8
632 76
633 44
634 7
635 5
636 3
637 5
638 13
639 19
640 135
641 5
642 5
643 8
644 4
645 12
646 65
647 35
648 4
649 6
650 25
651 12
652 5
653 52
654 5
655 6
656 21
657 18
658 70
659 55
660 34
661 7
662 6
663 16
664 13
665 8
666 6
667 6
668 29
669 72
670 22
671 6
672 22
673 88
674 137
675 13
676 10
677 13
678 16
679 9
680 28
681 20
682 18
683 5
684 21
685 9
686 64
687 5
688 7
689 18
690 41
691 54
692 6
693 5
694 70
695 6
696 8
697 9
698 19
699 6
700 11
701 12
702 6
703 7
704 9
705 8
706 12
707 7
708 28
709 53
710 10
711 5
712 104
713 16
714 58
715 10
716 15
717 5
718 4
719 9
720 4
721 7
722 5
723 13
724 19
725 24
726 49
727 51
728 34
729 5
730 4
731 8
732 8
733 9
734 31
735 11
736 8
737 24
738 9
739 11
740 3
741 184
742 36
743 7
744 38
745 22
746 54
747 18
748 14
749 18
750 8
751 7
752 5
753 80
754 20
755 78
756 36
757 9
758 19
759 9
760 46
761 22
762 13
763 10
764 7
765 4
766 5
767 9
768 8
769 38
770 4
771 227
772 14
773 24
774 34
775 5
776 7
777 13
778 10
779 6
780 10
781 64
782 5
783 49
784 10
785 16
786 6
787 8
788 3
789 8
790 12
791 17
792 33
793 15
794 30
795 14
796 164
797 5
798 6
799 15
800 21
801 31
802 11
803 11
804 8
805 7
806 58
807 11
808 4
809 32
810 8
811 115
812 35
813 17
814 15
815 6
816 14
817 8
818 4
819 22
820 5
821 14
822 6
823 10
824 4
825 11
826 9
827 24
828 15
829 281
830 8
831 170
832 42
833 9
834 119
835 6
836 169
837 3
838 11
839 156
840 13
841 68
842 6
843 39
844 69
845 4
846 6
847 7
848 44
849 88
850 6
851 18
852 8
853 13
854 7
855 15
856 9
857 15
858 4
859 7
860 13
861 12
862 14
863 12
864 60
865 19
866 17
867 8
868 8
869 10
870 9
871 13
872 9
873 20
874 6
875 8
876 7
877 6
878 36
879 98
880 6
881 23
882 31
883 25
884 6
885 11
886 24
887 5
888 13
889 4
890 5
891 14
892 104
893 10
894 6
895 24
896 60
897 3
898 16
899 4
900 20
901 6
902 7
903 14
904 76
905 125
906 84
907 5
908 10
909 12
910 3
911 11
912 9
913 5
914 74
915 13
916 246
917 19
918 23
919 16
920 21
921 4
922 45
923 93
924 7
925 7
926 126
927 23
928 4
929 8
930 6
931 17
932 5
933 54
934 6
935 11
936 14
937 22
938 664
939 4
940 3
941 6
942 5
943 9
944 5
945 3
946 22
947 4
948 5
949 5
950 5
951 3
952 15
953 104
954 64
955 18
956 3
957 47
958 13
959 114
960 13
961 49
962 12
963 43
964 19
965 8
966 8
967 26
968 7
969 11
970 11
971 131
972 23
973 26
974 28
975 62
976 19
977 10
978 13
979 15
980 7
981 6
982 17
983 5
984 8
985 6
986 65
987 4
988 5
989 6
990 222
991 16
992 12
993 97
994 15
995 54
996 31
997 235
998 5
999 6
1000 6
1001 5
1002 72
1003 61
1004 4
1005 33
1006 10
1007 4
1008 48
1009 21
1010 47
1011 27
1012 12
1013 4
1014 105
1015 96
1016 7
1017 5
1018 8
1019 8
1020 20
1021 6
1022 5
1023 6
1024 28
1025 14
1026 8
1027 13
1028 3
1029 10
1030 10
1031 40
1032 8
1033 25
1034 5
1035 9
1036 128
1037 6
1038 5
1039 5
1040 12
1041 39
1042 14
1043 313
1044 6
1045 8
1046 345
1047 12
1048 4
1049 13
1050 27
1051 5
1052 8
1053 30
1054 3
1055 52
1056 24
1057 24
1058 8
1059 9
1060 9
1061 8
1062 132
1063 55
1064 6
1065 13
1066 6
1067 8
1068 5
1069 43
1070 216
1071 9
1072 14
1073 13
1074 18
1075 11
1076 42
1077 41
1078 12
1079 3
1080 12
1081 5
1082 4
1083 7
1084 9
1085 7
1086 13
1087 8
1088 4
1089 43
1090 7
1091 10
1092 8
1093 18
1094 7
1095 11
1096 97
1097 34
1098 19
1099 29
1100 5
1101 10
1102 96
1103 10
1104 6
1105 210
1106 75
1107 7
1108 11
1109 17
1110 9
1111 17
1112 6
1113 5
1114 13
1115 17
1116 8
1117 21
1118 5
1119 12
1120 9
1121 93
1122 6
1123 5
1124 7
1125 5
1126 23
1127 7
1128 5
1129 12
1130 9
1131 5
1132 6
1133 19
1134 183
1135 31
1136 8
1137 22
1138 15
1139 12
1140 4
1141 26
1142 6
1143 13
1144 13
1145 51
1146 4
1147 4
1148 29
1149 10
1150 31
1151 5
1152 11
1153 23
1154 14
1155 7
1156 5
1157 6
1158 63
1159 7
1160 96
1161 5
1162 3
1163 3
1164 18
1165 6
1166 8
1167 6
1168 5
1169 29
1170 22
1171 82
1172 13
1173 15
1174 6
1175 5
1176 9
1177 27
1178 43
1179 5
1180 12
1181 19
1182 6
1183 20
1184 6
1185 5
1186 47
1187 3
1188 10
1189 47
1190 18
1191 23
1192 6
1193 50
1194 12
1195 8
1196 8
1197 49
1198 7
1199 95
1200 83
1201 110
1202 6
1203 20
1204 5
1205 9
1206 20
1207 7
1208 34
1209 8
1210 50
1211 10
1212 3
1213 113
1214 10
1215 10
1216 35
1217 12
1218 42
1219 5
1220 25
1221 34
1222 11
1223 7
1224 5
1225 52
1226 126
1227 11
1228 4
1229 5
1230 4
1231 32
1232 284
1233 5
1234 6
1235 46
1236 4
1237 5
1238 10
1239 20
1240 3
1241 196
1242 4
1243 9
1244 3
1245 5
1246 6
1247 15
1248 7
1249 9
1250 13
1251 9
1252 7
1253 14
1254 22
1255 10
1256 11
1257 17
1258 5
1259 25
1260 57
1261 57
1262 111
1263 6
1264 3
1265 6
1266 4
1267 16
1268 6
1269 9
1270 8
1271 10
1272 51
1273 28
1274 4
1275 7
1276 6
1277 7
1278 5
1279 10
1280 4
1281 7
1282 78
1283 15
1284 24
1285 5
1286 6
1287 6
1288 17
1289 19
1290 5
1291 23
1292 29
1293 13
1294 5
1295 12
1296 15
1297 44
1298 37
1299 16
1300 11
1301 15
1302 40
1303 12
1304 5
1305 47
1306 6
1307 28
1308 133
1309 12
1310 7
1311 4
1312 25
1313 7
1314 6
1315 26
1316 17
1317 15
1318 41
1319 13
1320 15
1321 10
1322 91
1323 7
1324 12
1325 18
1326 14
1327 75
1328 40
1329 25
1330 7
1331 5
1332 6
1333 10
1334 9
1335 10
1336 8
1337 14
1338 8
1339 11
1340 5
1341 12
1342 8
1343 6
1344 5
1345 12
1346 32
1347 11
1348 13
1349 7
1350 5
1351 6
1352 4
1353 10
1354 10
1355 11
1356 3
1357 81
1358 28
1359 7
1360 6
1361 19
1362 14
1363 25
1364 3
1365 5
1366 6
1367 28
1368 4
1369 4
1370 13
1371 5
1372 122
1373 12
1374 6
1375 8
1376 8
1377 12
1378 5
1379 16
1380 14
1381 5
1382 33
1383 6
1384 84
1385 13
1386 7
1387 7
1388 7
1389 4
1390 44
1391 64
1392 32
1393 18
1394 8
1395 7
1396 5
1397 8
1398 6
1399 6
1400 9
1401 43
1402 8
1403 2
1404 39
1405 37
1406 9
1407 6
1408 6
1409 7
1410 5
1411 22
1412 19
1413 8
1414 11
1415 15
1416 13
1417 4
1418 8
1419 8
1420 11
1421 5
1422 47
1423 87
1424 14
1425 8
1426 35
1427 59
1428 7
1429 30
1430 6
1431 505
1432 45
1433 4
1434 31
1435 13
1436 5
1437 105
1438 14
1439 38
1440 5
1441 16
1442 3
1443 5
1444 10
1445 28
1446 20
1447 9
1448 6
1449 33
1450 8
1451 13
1452 23
1453 4
1454 30
1455 5
1456 22
1457 7
1458 4
1459 5
1460 13
1461 15
1462 10
1463 20
1464 11
1465 6
1466 20
1467 28
1468 11
1469 18
1470 38
1471 7
1472 5
1473 10
1474 7
1475 6
1476 4
1477 5
1478 4
1479 102
1480 33
1481 6
1482 60
1483 15
1484 15
1485 13
1486 4
1487 5
1488 13
1489 4
1490 11
1491 11
1492 34
1493 136
1494 9
1495 35
1496 20
1497 5
1498 58
1499 5
1500 12
1501 10
1502 6
1503 19
1504 21
1505 14
1506 27
1507 22
1508 27
1509 11
1510 6
1511 11
1512 23
1513 20
1514 5
1515 63
1516 38
1517 31
1518 22
1519 7
1520 18
1521 29
1522 17
1523 17
1524 12
1525 51
1526 7
1527 13
1528 49
1529 148
1530 8
1531 10
1532 23
1533 59
1534 8
1535 25
1536 19
1537 8
1538 16
1539 4
1540 6
1541 10
1542 9
1543 263
1544 5
1545 11
1546 8
1547 6
1548 4
1549 41
1550 8
1551 5
1552 5
1553 10
1554 4
1555 6
1556 5
1557 7
1558 15
1559 13
1560 9
1561 16
1562 35
1563 5
1564 25
1565 3
1566 22
1567 32
1568 5
1569 10
1570 5
1571 6
1572 23
1573 5
1574 7
1575 5
1576 4
1577 31
1578 13
1579 10
1580 4
1581 4
1582 3
1583 8
1584 16
1585 24
1586 4
1587 300
1588 13
1589 8
1590 44
1591 14
1592 4
1593 5
1594 40
1595 10
1596 55
1597 41
1598 15
1599 20
1600 6
1601 10
1602 6
1603 6
1604 5
1605 14
1606 5
1607 7
1608 11
1609 7
1610 7
1611 11
1612 6
1613 12
1614 5
1615 14
1616 6
1617 29
1618 19
1619 7
1620 42
1621 37
1622 18
1623 3
1624 6
1625 4
1626 11
1627 20
1628 8
1629 17
1630 35
1631 5
1632 69
1633 11
1634 5
1635 56
1636 22
1637 30
1638 30
1639 5
1640 14
1641 4
1642 19
1643 24
1644 19
1645 9
1646 6
1647 9
1648 5
1649 61
1650 17
1651 27
1652 151
1653 7
1654 114
1655 5
1656 7
1657 7
1658 11
1659 7
1660 6
1661 15
1662 9
1663 5
1664 7
1665 5
1666 5
1667 5
1668 12
1669 10
1670 6
1671 36
1672 8
1673 4
1674 4
1675 6
1676 14
1677 32
1678 6
1679 4
1680 10
1681 4
1682 7
1683 6
1684 8
1685 7
1686 40
1687 51
1688 5
1689 49
1690 5
1691 7
1692 20
1693 10
1694 5
1695 9
1696 6
1697 17
1698 5
1699 8
1700 105
1701 4
1702 38
1703 9
1704 11
1705 55
1706 11
1707 12
1708 13
1709 21
1710 45
1711 63
1712 58
1713 112
1714 10
1715 15
1716 6
1717 7
1718 5
1719 68
1720 16
1721 7
1722 42
1723 9
1724 6
1725 9
1726 8
1727 112
1728 16
1729 12
1730 5
1731 4
1732 5
1733 13
1734 36
1735 15
1736 8
1737 8
1738 9
1739 93
1740 36
1741 12
1742 5
1743 5
1744 8
1745 21
1746 18
1747 6
1748 9
1749 11
1750 5
1751 75
1752 56
1753 8
1754 171
1755 94
1756 8
1757 11
1758 280
1759 14
1760 5
1761 30
1762 5
1763 12
1764 48
1765 7
1766 3
1767 7
1768 11
1769 10
1770 5
1771 6
1772 4
1773 7
1774 11
1775 11
1776 6
1777 26
1778 45
1779 24
1780 6
1781 4
1782 9
1783 7
1784 10
1785 45
1786 22
1787 7
1788 37
1789 26
1790 239
1791 36
1792 23
1793 5
1794 11
1795 28
1796 22
1797 17
1798 21
1799 9
1800 3
1801 33
1802 8
1803 35
1804 6
1805 13
1806 5
1807 81
1808 41
1809 21
1810 29
1811 6
1812 90
1813 41
1814 85
1815 5
1816 4
1817 10
1818 24
1819 4
1820 39
1821 6
1822 5
1823 77
1824 10
1825 14
1826 47
1827 7
1828 9
1829 18
1830 56
1831 23
1832 15
1833 17
1834 9
1835 4
1836 14
1837 23
1838 5
1839 11
1840 42
1841 22
1842 48
1843 165
1844 7
1845 6
1846 74
1847 74
1848 47
1849 10
1850 48
1851 62
1852 83
1853 4
1854 57
1855 37
1856 16
1857 10
1858 11
1859 7
1860 19
1861 12
1862 15
1863 42
1864 45
1865 6
1866 179
1867 8
1868 8
1869 30
1870 21
1871 8
1872 4
1873 8
1874 38
1875 5
1876 9
1877 28
1878 4
1879 11
1880 55
1881 9
1882 12
1883 20
1884 21
1885 4
1886 289
1887 5
1888 14
1889 6
1890 6
1891 5
1892 12
1893 12
1894 5
1895 8
1896 42
1897 21
1898 44
1899 7
1900 5
1901 4
1902 12
1903 45
1904 6
1905 14
1906 8
1907 11
1908 38
1909 7
1910 9
1911 14
1912 11
1913 13
1914 6
1915 5
1916 11
1917 10
1918 11
1919 20
1920 42
1921 51
1922 19
1923 35
1924 21
1925 6
1926 35
1927 10
1928 40
1929 5
1930 34
1931 6
1932 4
1933 8
1934 40
1935 6
1936 5
1937 7
1938 23
1939 7
1940 3
1941 7
1942 7
1943 5
1944 6
1945 5
1946 5
1947 17
1948 4
1949 5
1950 16
1951 15
1952 5
1953 16
1954 3
1955 63
1956 15
1957 18
1958 39
1959 29
1960 10
1961 9
1962 4
1963 8
1964 6
1965 36
1966 6
1967 9
1968 5
1969 4
1970 9
1971 21
1972 93
1973 7
1974 16
1975 4
1976 18
1977 12
1978 5
1979 8
1980 128
1981 19
1982 5
1983 13
1984 5
1985 12
1986 152
1987 12
1988 4
1989 7
1990 8
1991 11
1992 6
1993 5
1994 5
1995 7
1996 6
1997 33
1998 6
1999 16
2000 24
2001 9
2002 6
2003 27
2004 8
2005 25
2006 9
2007 11
2008 11
2009 9
2010 8
2011 6
2012 11
2013 5
2014 9
2015 3
2016 46
2017 12
2018 4
2019 98
2020 7
2021 14
2022 15
2023 52
2024 6
2025 21
2026 60
2027 31
2028 3
2029 8
2030 45
2031 149
2032 18
2033 4
2034 6
2035 5
2036 5
2037 24
2038 12
2039 5
2040 16
2041 11
2042 4
2043 6
2044 28
2045 107
2046 9
2047 6
2048 31
2049 12
2050 9
2051 47
2052 9
2053 14
2054 16
2055 3
2056 5
2057 8
2058 15
2059 5
2060 23
2061 5
2062 7
2063 3
2064 14
2065 7
2066 11
2067 4
2068 8
2069 12
2070 10
2071 14
2072 22
2073 6
2074 12
2075 19
2076 3
2077 5
2078 11
2079 6
2080 4
2081 11
2082 20
2083 15
2084 13
2085 5
2086 7
2087 14
2088 8
2089 145
2090 16
2091 24
2092 26
2093 30
2094 28
2095 27
2096 8
2097 9
2098 16
2099 5
2100 6
2101 6
2102 16
2103 6
2104 22
2105 55
2106 16
2107 4
2108 57
2109 14
2110 13
2111 95
2112 7
2113 7
2114 71
2115 64
2116 2
2117 11
2118 5
2119 8
2120 6
2121 49
2122 76
2123 5
2124 6
2125 4
2126 8
2127 13
2128 33
2129 34
2130 21
2131 35
2132 14
2133 5
2134 9
2135 10
2136 6
2137 11
2138 9
2139 10
2140 12
2141 12
2142 23
2143 43
2144 8
2145 74
2146 60
2147 5
2148 5
2149 6
2150 8
2151 6
2152 5
2153 5
2154 22
2155 7
2156 16
2157 25
2158 5
2159 57
2160 39
2161 39
2162 4
2163 5
2164 11
2165 20
2166 6
2167 131
2168 11
2169 5
2170 6
2171 4
2172 5
2173 11
2174 13
2175 7
2176 5
2177 8
2178 14
2179 8
2180 11
2181 20
2182 73
2183 138
2184 9
2185 6
2186 33
2187 14
2188 5
2189 4
2190 6
2191 5
2192 170
2193 15
2194 71
2195 6
2196 5
2197 21
2198 4
2199 6
2200 15
2201 11
2202 24
2203 8
2204 18
2205 4
2206 13
2207 13
2208 5
2209 7
2210 31
2211 49
2212 19
2213 5
2214 5
2215 8
2216 5
2217 4
2218 27
2219 70
2220 17
2221 9
2222 7
2223 11
2224 4
2225 7
2226 8
2227 6
2228 4
2229 6
2230 30
2231 51
2232 7
2233 6
2234 23
2235 12
2236 27
2237 19
2238 7
2239 23
2240 10
2241 142
2242 5
2243 9
2244 12
2245 9
2246 5
2247 19
2248 62
2249 16
2250 52
2251 8
2252 13
2253 6
2254 5
2255 5
2256 3
2257 5
2258 6
2259 13
2260 5
2261 6
2262 8
2263 22
2264 45
2265 18
2266 2
2267 4
2268 8
2269 5
2270 23
2271 7
2272 10
2273 15
2274 9
2275 51
2276 60
2277 9
2278 39
2279 6
2280 18
2281 5
2282 6
2283 27
2284 3
2285 4
2286 5
2287 90
2288 12
2289 15
2290 10
2291 5
2292 6
2293 21
2294 8
2295 5
2296 6
2297 9
2298 49
2299 75
2300 27
2301 8
2302 7
2303 40
2304 8
2305 8
2306 6
2307 5
2308 4
2309 14
2310 12
2311 6
2312 16
2313 12
2314 22
2315 4
2316 5
2317 15
2318 7
2319 4
2320 16
2321 18
2322 396
2323 13
2324 5
2325 6
2326 234
2327 7
2328 44
2329 6
2330 9
2331 6
2332 2
2333 6
2334 4
2335 1
2336 15
2337 4
2338 23
2339 7
2340 12
2341 9
2342 6
2343 5
2344 18
2345 10
2346 10
2347 4
2348 11
2349 16
2350 19
2351 9
2352 16
2353 29
2354 18
2355 24
2356 5
2357 13
2358 8
2359 18
2360 23
2361 6
2362 4
2363 19
2364 12
2365 4
2366 6
2367 9
2368 285
2369 9
2370 5
2371 10
2372 4
2373 21
2374 7
2375 26
2376 63
2377 10
2378 15
2379 26
2380 5
2381 14
2382 43
2383 38
2384 6
2385 34
2386 15
2387 4
2388 19
2389 11
2390 7
2391 7
2392 13
2393 16
2394 4
2395 6
2396 17
2397 6
2398 9
2399 7
2400 5
2401 5
2402 6
2403 15
2404 6
2405 6
2406 8
2407 7
2408 10
2409 12
2410 3
2411 27
2412 4
2413 6
2414 33
2415 14
2416 8
2417 16
2418 5
2419 36
2420 6
2421 6
2422 4
2423 7
2424 6
2425 11
2426 10
2427 5
2428 5
2429 63
2430 9
2431 42
2432 23
2433 12
2434 41
2435 6
2436 11
2437 15
2438 19
2439 5
2440 5
2441 7
2442 9
2443 4
2444 5
2445 12
2446 12
2447 6
2448 39
2449 109
2450 9
2451 62
2452 14
2453 18
2454 14
2455 10
2456 13
2457 5
2458 6
2459 569
2460 5
2461 3
2462 4
2463 9
2464 5
2465 49
2466 4
2467 5
2468 28
2469 6
2470 5
2471 20
2472 5
2473 25
2474 4
2475 7
2476 36
2477 57
2478 129
2479 13
2480 30
2481 27
2482 11
2483 5
2484 30
2485 26
2486 5
2487 8
2488 4
2489 4
2490 17
2491 5
2492 14
2493 8
2494 6
2495 5
2496 7
2497 5
2498 5
2499 5
2500 19
2501 47
2502 5
2503 12
2504 14
2505 5
2506 8
2507 16
2508 6
2509 23
2510 52
2511 49
2512 22
2513 32
2514 13
2515 5
2516 59
2517 21
2518 5
2519 3
2520 8
2521 6
2522 8
2523 5
2524 7
2525 10
2526 10
2527 13
2528 6
2529 6
2530 12
2531 22
2532 17
2533 5
2534 165
2535 6
2536 18
2537 8
2538 7
2539 12
2540 26
2541 9
2542 5
2543 6
2544 60
2545 12
2546 5
2547 21
2548 6
2549 15
2550 14
2551 3
2552 7
2553 4
2554 21
2555 6
2556 8
2557 3
2558 4
2559 41
2560 16
2561 13
2562 6
2563 6
2564 25
2565 7
2566 16
2567 4
2568 88
2569 7
2570 19
2571 107
2572 31
2573 36
2574 10
2575 5
2576 5
2577 22
2578 9
2579 5
2580 4
2581 14
2582 37
2583 5
2584 6
2585 7
2586 34
2587 10
2588 5
2589 18
2590 9
2591 91
2592 106
2593 9
2594 10
2595 24
2596 27
2597 72
2598 26
2599 32
2600 16
2601 13
2602 4
2603 2
2604 11
2605 7
2606 8
2607 6
2608 5
2609 6
2610 19
2611 8
2612 4
2613 3
2614 15
2615 13
2616 7
2617 37
2618 24
2619 5
2620 6
2621 10
2622 12
2623 25
2624 38
2625 7
2626 7
2627 8
2628 9
2629 5
2630 14
2631 12
2632 14
2633 5
2634 5
2635 47
2636 7
2637 12
2638 4
2639 30
2640 11
2641 6
2642 30
2643 30
2644 25
2645 7
2646 7
2647 9
2648 15
2649 50
2650 6
2651 11
2652 5
2653 6
2654 9
2655 6
2656 25
2657 7
2658 52
2659 18
2660 5
2661 7
2662 39
2663 11
2664 28
2665 45
2666 8
2667 8
2668 190
2669 7
2670 30
2671 42
2672 7
2673 64
2674 9
2675 28
2676 7
2677 89
2678 19
2679 18
2680 5
2681 4
2682 4
2683 4
2684 5
2685 4
2686 6
2687 11
2688 30
2689 12
2690 12
2691 71
2692 97
2693 13
2694 11
2695 29
2696 10
2697 7
2698 10
2699 4
2700 10
2701 53
2702 6
2703 4
2704 22
2705 5
2706 7
2707 5
2708 2
2709 48
2710 9
2711 15
2712 9
2713 5
2714 26
2715 6
2716 5
2717 118
2718 10
2719 23
2720 23
2721 15
2722 54
2723 30
2724 5
2725 7
2726 5
2727 13
2728 5
2729 37
2730 15
2731 113
2732 5
2733 4
2734 30
2735 4
2736 3
2737 17
2738 3
2739 55
2740 5
2741 7
2742 11
2743 22
2744 5
2745 18
2746 5
2747 14
2748 13
2749 162
2750 4
2751 6
2752 5
2753 7
2754 5
2755 227
2756 6
2757 72
2758 20
2759 47
2760 62
2761 6
2762 16
2763 4
2764 61
2765 28
2766 15
2767 9
2768 12
2769 18
2770 7
2771 5
2772 14
2773 2
2774 93
2775 3
2776 10
2777 3
2778 5
2779 9
2780 7
2781 17
2782 6
2783 6
2784 7
2785 5
2786 3
2787 34
2788 8
2789 36
2790 10
2791 51
2792 11
2793 10
2794 6
2795 12
2796 61
2797 6
2798 5
2799 4
2800 26
2801 9
2802 4
2803 71
2804 9
2805 33
2806 71
2807 50
2808 28
2809 5
2810 6
2811 3
2812 18
2813 5
2814 8
2815 6
2816 5
2817 6
2818 8
2819 8
2820 4
2821 5
2822 46
2823 69
2824 4
2825 5
2826 68
2827 4
2828 23
2829 8
2830 8
2831 12
2832 45
2833 16
2834 8
2835 10
2836 5
2837 230
2838 56
2839 32
2840 24
2841 8
2842 15
2843 13
2844 5
2845 49
2846 25
2847 13
2848 2
2849 10
2850 14
2851 13
2852 7
2853 11
2854 4
2855 16
2856 24
2857 16
2858 7
2859 6
2860 44
2861 9
2862 17
2863 3
2864 5
2865 5
2866 3
2867 7
2868 16
2869 9
2870 9
2871 3
2872 9
2873 27
2874 7
2875 7
2876 9
2877 6
2878 4
2879 27
2880 62
2881 8
2882 9
2883 13
2884 10
2885 5
2886 8
2887 52
2888 10
2889 6
2890 6
2891 40
2892 4
2893 5
2894 4
2895 7
2896 139
2897 32
2898 38
2899 7
2900 42
2901 6
2902 7
2903 94
2904 5
2905 22
2906 35
2907 86
2908 112
2909 5
2910 9
2911 16
2912 6
2913 30
2914 8
2915 12
2916 47
2917 10
2918 4
2919 99
2920 20
2921 15
2922 7
2923 6
2924 10
2925 7
2926 8
2927 6
2928 5
2929 5
2930 51
2931 5
2932 7
2933 12
2934 7
2935 11
2936 7
2937 9
2938 9
2939 15
2940 6
2941 9
2942 6
2943 26
2944 48
2945 81
2946 12
2947 16
2948 16
2949 42
2950 132
2951 107
2952 16
2953 13
2954 25
2955 34
2956 5
2957 8
2958 30
2959 14
2960 7
2961 69
2962 7
2963 5
2964 8
2965 16
2966 4
2967 17
2968 9
2969 111
2970 9
2971 8
2972 7
2973 20
2974 9
2975 223
2976 9
2977 57
2978 7
2979 5
2980 43
2981 7
2982 10
2983 5
2984 17
2985 10
2986 15
2987 66
2988 7
2989 12
2990 5
2991 19
2992 6
2993 8
2994 9
2995 6
2996 11
2997 5
2998 22
2999 6
3000 49
3001 6
3002 9
3003 24
3004 15
3005 24
3006 26
3007 5
3008 12
3009 18
3010 21
3011 127
3012 15
3013 6
3014 8
3015 4
3016 4
3017 19
3018 15
3019 30
3020 5
3021 49
3022 12
3023 10
3024 20
3025 47
3026 6
3027 5
3028 10
3029 211
3030 6
3031 33
3032 9
3033 11
3034 9
3035 9
3036 5
3037 15
3038 6
3039 4
3040 5
3041 6
3042 6
3043 35
3044 7
3045 18
3046 57
3047 23
3048 19
3049 45
3050 8
3051 5
3052 4
3053 11
3054 4
3055 23
3056 9
3057 7
3058 163
3059 170
3060 21
3061 16
3062 5
3063 72
3064 50
3065 29
3066 15
3067 12
3068 25
3069 5
3070 52
3071 22
3072 24
3073 8
3074 7
3075 31
3076 26
3077 50
3078 18
3079 10
3080 5
3081 19
3082 20
3083 41
3084 5
3085 10
3086 10
3087 6
3088 4
3089 11
3090 4
3091 10
3092 6
3093 10
3094 5
3095 4
3096 3
3097 8
3098 40
3099 9
3100 38
3101 7
3102 5
3103 5
3104 25
3105 9
3106 5
3107 23
3108 15
3109 5
3110 3
3111 15
3112 2
3113 5
3114 47
3115 3
3116 5
3117 50
3118 6
3119 3
3120 13
3121 6
3122 6
3123 30
3124 5
3125 14
3126 4
3127 4
3128 5
3129 9
3130 14
3131 12
3132 7
3133 4
3134 5
3135 3
3136 8
3137 13
3138 5
3139 4
3140 8
3141 64
3142 123
3143 45
3144 14
3145 6
3146 7
3147 11
3148 52
3149 5
3150 6
3151 10
3152 11
3153 4
3154 4
3155 13
3156 9
3157 61
3158 5
3159 5
3160 5
3161 26
3162 5
3163 17
3164 5
3165 5
3166 7
3167 5
3168 6
3169 4
3170 8
3171 13
3172 55
3173 26
3174 18
3175 6
3176 5
3177 6
3178 14
3179 88
3180 15
3181 27
3182 147
3183 155
3184 13
3185 4
3186 7
3187 12
3188 6
3189 7
3190 23
3191 6
3192 46
3193 128
3194 8
3195 5
3196 9
3197 4
3198 6
3199 14
3200 46
3201 11
3202 20
3203 26
3204 26
3205 3
3206 4
3207 19
3208 4
3209 8
3210 11
3211 6
3212 8
3213 188
3214 5
3215 9
3216 19
3217 5
3218 4
3219 25
3220 5
3221 8
3222 4
3223 5
3224 12
3225 99
3226 9
3227 11
3228 5
3229 5
3230 8
3231 5
3232 53
3233 40
3234 4
3235 7
3236 8
3237 18
3238 38
3239 18
3240 17
3241 5
3242 21
3243 33
3244 11
3245 11
3246 22
3247 11
3248 17
3249 8
3250 63
3251 9
3252 3
3253 4
3254 9
3255 4
3256 8
3257 10
3258 6
3259 5
3260 14
3261 8
3262 284
3263 18
3264 5
3265 11
3266 4
3267 12
3268 7
3269 12
3270 4
3271 23
3272 4
3273 12
3274 6
3275 4
3276 68
3277 100
3278 11
3279 14
3280 16
3281 5
3282 8
3283 21
3284 5
3285 16
3286 5
3287 9
3288 7
3289 44
3290 51
3291 16
3292 4
3293 158
3294 30
3295 9
3296 7
3297 14
3298 5
3299 11
3300 7
3301 14
3302 5
3303 6
3304 10
3305 16
3306 8
3307 7
3308 13
3309 36
3310 15
3311 5
3312 4
3313 13
3314 58
3315 13
3316 7
3317 4
3318 16
3319 5
3320 7
3321 7
3322 22
3323 7
3324 7
3325 34
3326 11
3327 9
3328 8
3329 5
3330 7
3331 8
3332 17
3333 25
3334 27
3335 8
3336 4
3337 14
3338 76
3339 15
3340 4
3341 125
3342 139
3343 6
3344 7
3345 5
3346 100
3347 66
3348 5
3349 8
3350 61
3351 3
3352 72
3353 48
3354 16
3355 68
3356 50
3357 17
3358 36
3359 42
3360 37
3361 110
3362 90
3363 34
3364 222
3365 20
3366 56
3367 19
3368 16
3369 28
3370 5
3371 84
3372 28
3373 61
3374 30
3375 7
3376 8
3377 41
3378 18
3379 14
3380 19
3381 10
3382 77
3383 8
3384 4
3385 4
3386 15
3387 99
3388 12
3389 3
3390 4
3391 9
3392 4
3393 16
3394 7
3395 39
3396 31
3397 4
3398 4
3399 25
3400 67
3401 10
3402 7
3403 4
3404 31
3405 29
3406 4
3407 9
3408 145
3409 230
3410 16
3411 21
3412 55
3413 21
3414 7
3415 33
3416 5
3417 5
3418 8
3419 7
3420 7
3421 8
3422 8
3423 10
3424 7
3425 7
3426 5
3427 8
3428 5
3429 9
3430 9
3431 6
3432 6
3433 31
3434 7
3435 5
3436 7
3437 10
3438 10
3439 14
3440 7
3441 14
3442 4
3443 7
3444 21
3445 6
3446 6
3447 128
3448 23
3449 26
3450 33
3451 9
3452 92
3453 5
3454 5
3455 5
3456 34
3457 5
3458 4
3459 28
3460 20
3461 18
3462 25
3463 4
3464 23
3465 21
3466 19
3467 21
3468 29
3469 21
3470 6
3471 22
3472 3
3473 15
3474 16
3475 8
3476 3
3477 5
3478 24
3479 4
3480 8
3481 12
3482 10
3483 5
3484 13
3485 11
3486 4
3487 12
3488 14
3489 7
3490 6
3491 4
3492 4
3493 16
3494 8
3495 21
3496 2
3497 6
3498 8
3499 6
3500 5
3501 23
3502 8
3503 6
3504 15
3505 74
3506 35
3507 8
3508 5
3509 5
3510 10
3511 24
3512 15
3513 23
3514 145
3515 80
3516 27
3517 17
3518 23
3519 25
3520 57
3521 7
3522 5
3523 50
3524 7
3525 24
3526 9
3527 6
3528 7
3529 28
3530 8
3531 5
3532 5
3533 6
3534 17
3535 7
3536 51
3537 9
3538 11
3539 3
3540 17
3541 11
3542 50
3543 6
3544 11
3545 15
3546 8
3547 41
3548 37
3549 23
3550 11
3551 5
3552 19
3553 95
3554 5
3555 9
3556 21
3557 5
3558 15
3559 94
3560 28
3561 25
3562 16
3563 10
3564 4
3565 34
3566 8
3567 5
3568 22
3569 9
3570 7
3571 6
3572 13
3573 10
3574 7
3575 4
3576 5
3577 14
3578 7
3579 20
3580 17
3581 8
3582 5
3583 12
3584 35
3585 129
3586 12
3587 4
3588 22
3589 13
3590 3
3591 34
3592 10
3593 20
3594 5
3595 5
3596 4
3597 7
3598 7
3599 17
3600 15
3601 6
3602 7
3603 30
3604 33
3605 9
3606 29
3607 6
3608 10
3609 45
3610 51
3611 4
3612 8
3613 15
3614 18
3615 5
3616 7
3617 13
3618 4
3619 12
3620 12
3621 20
3622 4
3623 26
3624 28
3625 5
3626 34
3627 5
3628 5
3629 56
3630 5
3631 38
3632 15
3633 5
3634 18
3635 5
3636 11
3637 7
3638 4
3639 6
3640 4
3641 14
3642 7
3643 8
3644 10
3645 7
3646 6
3647 4
3648 7
3649 8
3650 10
3651 5
3652 21
3653 11
3654 64
3655 21
3656 7
3657 33
3658 14
3659 21
3660 4
3661 12
3662 47
3663 5
3664 7
3665 10
3666 13
3667 19
3668 8
3669 10
3670 9
3671 19
3672 6
3673 4
3674 5
3675 37
3676 23
3677 13
3678 68
3679 8
3680 4
3681 9
3682 19
3683 7
3684 30
3685 18
3686 36
3687 17
3688 10
3689 30
3690 12
3691 16
3692 5
3693 48
3694 20
3695 10
3696 6
3697 26
3698 5
3699 5
3700 14
3701 16
3702 10
3703 6
3704 5
3705 6
3706 10
3707 8
3708 5
3709 11
3710 8
3711 7
3712 26
3713 6
3714 31
3715 24
3716 10
3717 10
3718 11
3719 8
3720 13
3721 9
3722 13
3723 4
3724 3
3725 16
3726 12
3727 7
3728 3
3729 29
3730 11
3731 8
3732 15
3733 12
3734 3
3735 7
3736 10
3737 6
3738 21
3739 8
3740 5
3741 6
3742 7
3743 5
3744 14
3745 19
3746 7
3747 5
3748 4
3749 8
3750 15
3751 5
3752 27
3753 13
3754 5
3755 13
3756 11
3757 155
3758 18
3759 4
3760 57
3761 12
3762 1
3763 43
3764 53
3765 28
3766 8
3767 56
3768 9
3769 7
3770 4
3771 7
3772 7
3773 10
3774 12
3775 28
3776 10
3777 6
3778 24
3779 15
3780 12
3781 33
3782 107
3783 5
3784 6
3785 38
3786 10
3787 11
3788 21
3789 34
3790 8
3791 9
3792 17
3793 8
3794 38
3795 22
3796 7
3797 5
3798 8
3799 7
3800 7
3801 10
3802 21
3803 16
3804 12
3805 23
3806 4
3807 5
3808 85
3809 5
3810 22
3811 5
3812 58
3813 13
3814 8
3815 6
3816 9
3817 4
3818 19
3819 11
3820 12
3821 35
3822 6
3823 17
3824 5
3825 7
3826 8
3827 5
3828 6
3829 13
3830 15
3831 20
3832 24
3833 77
3834 12
3835 5
3836 12
3837 6
3838 19
3839 5
3840 9
3841 9
3842 23
3843 7
3844 38
3845 7
3846 4
3847 10
3848 48
3849 5
3850 78
3851 15
3852 8
3853 7
3854 67
3855 28
3856 8
3857 45
3858 14
3859 4
3860 19
3861 54
3862 18
3863 8
3864 5
3865 170
3866 51
3867 12
3868 4
3869 7
3870 16
3871 10
3872 10
3873 78
3874 5
3875 9
3876 97
3877 12
3878 6
3879 5
3880 29
3881 10
3882 12
3883 7
3884 11
3885 18
3886 5
3887 16
3888 5
3889 42
3890 85
3891 5
3892 6
3893 19
3894 18
3895 49
3896 4
3897 7
3898 6
3899 6
3900 42
3901 11
3902 5
3903 22
3904 9
3905 7
3906 5
3907 5
3908 5
3909 9
3910 6
3911 22
3912 8
3913 6
3914 16
3915 5
3916 5
3917 4
3918 8
3919 4
3920 36
3921 48
3922 70
3923 8
3924 6
3925 6
3926 5
3927 25
3928 307
3929 7
3930 163
3931 46
3932 5
3933 6
3934 8
3935 5
3936 5
3937 19
3938 10
3939 4
3940 23
3941 6
3942 8
3943 7
3944 18
3945 4
3946 58
3947 22
3948 52
3949 16
3950 21
3951 8
3952 2
3953 4
3954 6
3955 19
3956 191
3957 5
3958 15
3959 9
3960 25
3961 11
3962 9
3963 133
3964 16
3965 5
3966 7
3967 17
3968 5
3969 6
3970 31
3971 11
3972 34
3973 11
3974 6
3975 40
3976 5
3977 16
3978 20
3979 6
3980 46
3981 10
3982 10
3983 13
3984 19
3985 5
3986 18
3987 11
3988 11
3989 3
3990 5
3991 9
3992 25
3993 5
3994 28
3995 4
3996 5
3997 7
3998 5
3999 9
4000 9
4001 4
4002 17
4003 8
4004 10
4005 12
4006 10
4007 272
4008 6
4009 25
4010 24
4011 149
4012 46
4013 11
4014 7
4015 5
4016 4
4017 6
4018 10
4019 7
4020 5
4021 18
4022 5
4023 11
4024 12
4025 20
4026 18
4027 71
4028 6
4029 5
4030 48
4031 37
4032 11
4033 17
4034 23
4035 12
4036 24
4037 20
4038 19
4039 26
4040 6
4041 14
4042 14
4043 28
4044 10
4045 66
4046 5
4047 6
4048 27
4049 10
4050 11
4051 71
4052 6
4053 22
4054 38
4055 5
4056 16
4057 8
4058 21
4059 14
4060 12
4061 19
4062 15
4063 8
4064 39
4065 30
4066 28
4067 20
4068 3
4069 5
4070 5
4071 14
4072 7
4073 4
4074 7
4075 5
4076 5
4077 10
4078 8
4079 5
4080 7
4081 26
4082 26
4083 8
4084 12
4085 14
4086 21
4087 4
4088 115
4089 6
4090 2
4091 9
4092 8
4093 21
4094 8
4095 10
4096 216
4097 7
4098 6
4099 13
4100 61
4101 15
4102 7
4103 6
4104 19
4105 13
4106 7
4107 7
4108 6
4109 13
4110 7
4111 5
4112 42
4113 5
4114 5
4115 5
4116 78
4117 13
4118 6
4119 11
4120 21
4121 12
4122 6
4123 4
4124 10
4125 9
4126 5
4127 8
4128 10
4129 6
4130 7
4131 7
4132 22
4133 6
4134 8
4135 8
4136 10
4137 5
4138 32
4139 7
4140 10
4141 5
4142 28
4143 24
4144 8
4145 29
4146 25
4147 9
4148 6
4149 10
4150 5
4151 79
4152 11
4153 58
4154 5
4155 62
4156 17
4157 5
4158 19
4159 14
4160 5
4161 4
4162 17
4163 18
4164 8
4165 8
4166 10
4167 36
4168 4
4169 9
4170 17
4171 11
4172 23
4173 7
4174 13
4175 12
4176 5
4177 11
4178 15
4179 14
4180 8
4181 4
4182 9
4183 14
4184 38
4185 7
4186 13
4187 9
4188 7
4189 5
4190 18
4191 12
4192 129
4193 44
4194 9
4195 4
4196 10
4197 189
4198 6
4199 17
4200 31
4201 10
4202 10
4203 14
4204 52
4205 5
4206 27
4207 14
4208 64
4209 8
4210 26
4211 113
4212 4
4213 6
4214 11
4215 10
4216 4
4217 4
4218 5
4219 10
4220 5
4221 5
4222 4
4223 7
4224 38
4225 6
4226 30
4227 12
4228 70
4229 30
4230 5
4231 11
4232 11
4233 8
4234 7
4235 18
4236 5
4237 12
4238 13
4239 10
4240 11
4241 8
4242 6
4243 8
4244 8
4245 36
4246 13
4247 7
4248 5
4249 38
4250 5
4251 21
4252 35
4253 4
4254 6
4255 37
4256 39
4257 11
4258 25
4259 31
4260 7
4261 7
4262 4
4263 5
4264 6
4265 9
4266 23
4267 38
4268 8
4269 6
4270 3
4271 23
4272 4
4273 6
4274 12
4275 18
4276 8
4277 14
4278 14
4279 6
4280 8
4281 9
4282 27
4283 20
4284 141
4285 6
4286 10
4287 5
4288 7
4289 6
4290 6
4291 39
4292 6
4293 20
4294 7
4295 7
4296 15
4297 89
4298 5
4299 9
4300 4
4301 9
4302 4
4303 12
4304 4
4305 7
4306 13
4307 26
4308 4
4309 4
4310 26
4311 12
4312 6
4313 6
4314 12
4315 14
4316 17
4317 72
4318 5
4319 8
4320 3
4321 4
4322 5
4323 47
4324 4
4325 4
4326 4
4327 6
4328 11
4329 20
4330 13
4331 6
4332 5
4333 11
4334 42
4335 12
4336 4
4337 6
4338 5
4339 52
4340 4
4341 12
4342 7
4343 17
4344 4
4345 6
4346 12
4347 21
4348 19
4349 5
4350 58
4351 59
4352 34
4353 13
4354 17
4355 5
4356 12
4357 5
4358 21
4359 32
4360 6
4361 25
4362 13
4363 9
4364 59
4365 12
4366 11
4367 37
4368 4
4369 32
4370 6
4371 10
4372 14
4373 106
4374 12
4375 53
4376 3
4377 7
4378 5
4379 14
4380 15
4381 10
4382 58
4383 6
4384 9
4385 5
4386 4
4387 10
4388 20
4389 8
4390 7
4391 13
4392 14
4393 10
4394 12
4395 6
4396 13
4397 5
4398 7
4399 19
4400 9
4401 45
4402 33
4403 27
4404 6
4405 11
4406 10
4407 9
4408 9
4409 6
4410 6
4411 20
4412 11
4413 3
4414 18
4415 14
4416 12
4417 32
4418 62
4419 32
4420 11
4421 5
4422 5
4423 8
4424 10
4425 5
4426 10
4427 5
4428 12
4429 14
4430 6
4431 13
4432 5
4433 4
4434 19
4435 6
4436 44
4437 14
4438 18
4439 5
4440 20
4441 17
4442 6
4443 5
4444 8
4445 115
4446 29
4447 17
4448 9
4449 20
4450 12
4451 32
4452 6
4453 25
4454 4
4455 5
4456 12
4457 13
4458 5
4459 33
4460 5
4461 4
4462 8
4463 14
4464 9
4465 20
4466 7
4467 10
4468 9
4469 15
4470 8
4471 6
4472 30
4473 5
4474 15
4475 4
4476 12
4477 4
4478 14
4479 4
4480 6
4481 48
4482 5
4483 4
4484 12
4485 6
4486 4
4487 37
4488 37
4489 23
4490 8
4491 5
4492 7
4493 14
4494 24
4495 143
4496 9
4497 9
4498 6
4499 5
4500 5
4501 8
4502 7
4503 13
4504 5
4505 6
4506 10
4507 5
4508 12
4509 23
4510 9
4511 2
4512 6
4513 9
4514 15
4515 11
4516 7
4517 16
4518 13
4519 5
4520 47
4521 4
4522 19
4523 7
4524 11
4525 11
4526 36
4527 7
4528 8
4529 4
4530 8
4531 4
4532 9
4533 9
4534 20
4535 7
4536 5
4537 7
4538 50
4539 44
4540 7
4541 18
4542 10
4543 4
4544 29
4545 17
4546 9
4547 5
4548 6
4549 6
4550 89
4551 49
4552 59
4553 5
4554 4
4555 8
4556 6
4557 5
4558 6
4559 15
4560 11
4561 20
4562 8
4563 27
4564 6
4565 21
4566 48
4567 8
4568 9
4569 5
4570 4
4571 10
4572 83
4573 15
4574 7
4575 4
4576 26
4577 83
4578 21
4579 12
4580 16
4581 24
4582 6
4583 5
4584 33
4585 12
4586 67
4587 6
4588 31
4589 16
4590 8
4591 10
4592 8
4593 12
4594 14
4595 12
4596 5
4597 12
4598 15
4599 10
4600 9
4601 27
4602 16
4603 4
4604 27
4605 4
4606 8
4607 8
4608 2
4609 15
4610 14
4611 4
4612 6
4613 28
4614 5
4615 5
4616 5
4617 17
4618 6
4619 8
4620 10
4621 5
4622 27
4623 46
4624 78
4625 47
4626 43
4627 168
4628 3
4629 7
4630 57
4631 3
4632 7
4633 9
4634 9
4635 7
4636 16
4637 11
4638 6
4639 32
4640 8
4641 6
4642 10
4643 5
4644 5
4645 21
4646 10
4647 30
4648 8
4649 7
4650 15
4651 6
4652 5
4653 8
4654 12
4655 10
4656 6
4657 15
4658 26
4659 8
4660 10
4661 9
4662 17
4663 94
4664 7
4665 4
4666 29
4667 5
4668 4
4669 4
4670 7
4671 30
4672 3
4673 5
4674 29
4675 12
4676 5
4677 6
4678 8
4679 66
4680 10
4681 4
4682 6
4683 5
4684 18
4685 5
4686 5
4687 4
4688 196
4689 12
4690 27
4691 12
4692 7
4693 9
4694 18
4695 163
4696 107
4697 9
4698 7
4699 16
4700 10
4701 15
4702 4
4703 7
4704 5
4705 12
4706 7
4707 14
4708 4
4709 15
4710 12
4711 161
4712 5
4713 5
4714 7
4715 5
4716 6
4717 6
4718 7
4719 7
4720 4
4721 9
4722 22
4723 37
4724 6
4725 18
4726 98
4727 12
4728 5
4729 17
4730 6
4731 5
4732 13
4733 39
4734 4
4735 9
4736 36
4737 5
4738 13
4739 17
4740 12
4741 11
4742 28
4743 26
4744 4
4745 15
4746 7
4747 21
4748 8
4749 82
4750 3
4751 20
4752 4
4753 7
4754 10
4755 7
4756 21
4757 20
4758 55
4759 40
4760 3
4761 6
4762 4
4763 25
4764 14
4765 4
4766 2
4767 25
4768 49
4769 6
4770 9
4771 5
4772 18
4773 6
4774 8
4775 11
4776 25
4777 6
4778 6
4779 7
4780 40
4781 33
4782 28
4783 9
4784 8
4785 17
4786 31
4787 5
4788 106
4789 14
4790 20
4791 12
4792 45
4793 37
4794 11
4795 7
4796 4
4797 16
4798 14
4799 22
4800 18
4801 4
4802 27
4803 11
4804 9
4805 17
4806 4
4807 44
4808 20
4809 5
4810 4
4811 16
4812 4
4813 21
4814 10
4815 18
4816 18
4817 6
4818 4
4819 9
4820 7
4821 8
4822 31
4823 5
4824 12
4825 17
4826 15
4827 26
4828 12
4829 8
4830 16
4831 7
4832 27
4833 7
4834 41
4835 7
4836 17
4837 5
4838 17
4839 24
4840 33
4841 234
4842 22
4843 39
4844 3
4845 5
4846 21
4847 10
4848 4
4849 12
4850 17
4851 18
4852 10
4853 5
4854 11
4855 23
4856 19
4857 3
4858 16
4859 11
4860 6
4861 25
4862 19
4863 5
4864 9
4865 10
4866 25
4867 9
4868 5
4869 12
4870 10
4871 3
4872 70
4873 52
4874 11
4875 5
4876 21
4877 75
4878 76
4879 11
4880 6
4881 3
4882 12
4883 7
4884 9
4885 3
4886 5
4887 15
4888 42
4889 8
4890 29
4891 8
4892 15
4893 103
4894 7
4895 5
4896 5
4897 5
4898 17
4899 18
4900 79
4901 6
4902 5
4903 11
4904 76
4905 32
4906 6
4907 28
4908 31
4909 6
4910 6
4911 15
4912 9
4913 6
4914 9
4915 8
4916 4
4917 7
4918 5
4919 18
4920 5
4921 90
4922 5
4923 10
4924 5
4925 4
4926 6
4927 8
4928 23
4929 11
4930 5
4931 9
4932 6
4933 10
4934 36
4935 43
4936 10
4937 12
4938 17
4939 20
4940 38
4941 43
4942 6
4943 8
4944 7
4945 6
4946 64
4947 15
4948 6
4949 10
4950 26
4951 30
4952 7
4953 22
4954 9
4955 39
4956 10
4957 9
4958 6
4959 6
4960 5
4961 5
4962 29
4963 16
4964 94
4965 22
4966 34
4967 4
4968 6
4969 4
4970 10
4971 8
4972 5
4973 5
4974 6
4975 23
4976 8
4977 8
4978 18
4979 8
4980 4
4981 14
4982 16
4983 12
4984 4
4985 10
4986 5
4987 6
4988 28
4989 5
4990 6
4991 13
4992 8
4993 5
4994 7
4995 4
4996 10
4997 9
4998 11
4999 6
5000 5
5001 9
5002 54
5003 13
5004 6
5005 4
5006 6
5007 3
5008 9
5009 5
5010 8
5011 13
5012 3
5013 19
5014 52
5015 3
5016 8
5017 10
5018 18
5019 7
5020 71
5021 18
5022 5
5023 41
5024 6
5025 8
5026 5
5027 5
5028 6
5029 20
5030 7
5031 8
5032 6
5033 11
5034 5
5035 8
5036 5
5037 4
5038 17
5039 3
5040 8
5041 5
5042 12
5043 25
5044 7
5045 5
5046 18
5047 5
5048 35
5049 7
5050 12
5051 7
5052 6
5053 5
5054 6
5055 89
5056 11
5057 15
5058 14
5059 11
5060 10
5061 5
5062 4
5063 9
5064 28
5065 5
5066 5
5067 6
5068 12
5069 74
5070 11
5071 27
5072 6
5073 68
5074 13
5075 10
5076 8
5077 5
5078 4
5079 7
5080 5
5081 5
5082 5
5083 5
5084 60
5085 106
5086 8
5087 31
5088 9
5089 5
5090 18
5091 9
5092 82
5093 12
5094 5
5095 6
5096 10
5097 8
5098 15
5099 8
5100 8
5101 6
5102 7
5103 29
5104 5
5105 5
5106 9
5107 6
5108 3
5109 5
5110 15
5111 33
5112 26
5113 20
5114 17
5115 29
5116 17
5117 132
5118 8
5119 6
5120 5
5121 5
5122 9
5123 11
5124 8
5125 10
5126 6
5127 3
5128 5
5129 11
5130 5
5131 5
5132 8
5133 14
5134 21
5135 7
5136 5
5137 159
5138 5
5139 18
5140 4
5141 10
5142 4
5143 4
5144 10
5145 18
5146 14
5147 12
5148 11
5149 5
5150 5
5151 4
5152 7
5153 5
5154 11
5155 11
5156 125
5157 7
5158 12
5159 23
5160 5
5161 5
5162 4
5163 28
5164 7
5165 2
5166 6
5167 14
5168 7
5169 5
5170 4
5171 22
5172 5
5173 12
5174 13
5175 64
5176 48
5177 9
5178 5
5179 23
5180 5
5181 7
5182 6
5183 3
5184 6
5185 5
5186 6
5187 8
5188 16
5189 5
5190 50
5191 10
5192 52
5193 4
5194 26
5195 35
5196 20
5197 16
5198 14
5199 7
5200 13
5201 9
5202 6
5203 9
5204 33
5205 8
5206 11
5207 34
5208 17
5209 7
5210 32
5211 5
5212 6
5213 19
5214 11
5215 8
5216 19
5217 5
5218 5
5219 29
5220 40
5221 5
5222 16
5223 44
5224 7
5225 12
5226 14
5227 20
5228 6
5229 8
5230 15
5231 38
5232 10
5233 6
5234 5
5235 5
5236 10
5237 25
5238 16
5239 12
5240 9
5241 12
5242 19
5243 8
5244 7
5245 10
5246 14
5247 15
5248 4
5249 15
5250 4
5251 6
5252 4
5253 7
5254 12
5255 15
5256 10
5257 72
5258 3
5259 11
5260 5
5261 7
5262 45
5263 8
5264 7
5265 34
5266 6
5267 3
5268 12
5269 9
5270 21
5271 6
5272 5
5273 6
5274 19
5275 5
5276 6
5277 31
5278 4
5279 5
5280 7
5281 4
5282 19
5283 24
5284 28
5285 5
5286 15
5287 5
5288 5
5289 8
5290 7
5291 19
5292 17
5293 18
5294 5
5295 6
5296 7
5297 5
5298 3
5299 5
5300 4
5301 9
5302 5
5303 24
5304 6
5305 9
5306 15
5307 7
5308 13
5309 82
5310 16
5311 146
5312 4
5313 13
5314 7
5315 4
5316 12
5317 12
5318 22
5319 10
5320 5
5321 4
5322 6
5323 8
5324 19
5325 12
5326 4
5327 11
5328 5
5329 5
5330 18
5331 3
5332 8
5333 33
5334 40
5335 6
5336 10
5337 11
5338 11
5339 26
5340 9
5341 10
5342 7
5343 25
5344 50
5345 113
5346 18
5347 13
5348 23
5349 14
5350 6
5351 10
5352 12
5353 5
5354 5
5355 7
5356 23
5357 8
5358 5
5359 8
5360 6
5361 57
5362 18
5363 5
5364 4
5365 66
5366 11
5367 12
5368 7
5369 5
5370 14
5371 7
5372 15
5373 4
5374 10
5375 121
5376 9
5377 84
5378 41
5379 9
5380 15
5381 5
5382 5
5383 7
5384 26
5385 66
5386 7
5387 5
5388 21
5389 6
5390 4
5391 7
5392 5
5393 11
5394 8
5395 9
5396 23
5397 7
5398 6
5399 26
5400 18
5401 13
5402 5
5403 5
5404 5
5405 9
5406 6
5407 52
5408 8
5409 29
5410 44
5411 50
5412 145
5413 35
5414 31
5415 44
5416 59
5417 18
5418 6
5419 7
5420 5
5421 61
5422 8
5423 26
5424 13
5425 17
5426 14
5427 6
5428 21
5429 4
5430 17
5431 42
5432 43
5433 8
5434 9
5435 5
5436 16
5437 8
5438 3
5439 4
5440 8
5441 44
5442 21
5443 10
5444 13
5445 12
5446 10
5447 11
5448 37
5449 22
5450 11
5451 5
5452 8
5453 16
5454 11
5455 229
5456 9
5457 6
5458 13
5459 5
5460 3
5461 8
5462 8
5463 11
5464 12
5465 10
5466 5
5467 3
5468 16
5469 37
5470 20
5471 8
5472 6
5473 13
5474 11
5475 9
5476 10
5477 11
5478 9
5479 43
5480 39
5481 11
5482 5
5483 35
5484 20
5485 11
5486 4
5487 4
5488 22
5489 15
5490 25
5491 7
5492 34
5493 3
5494 23
5495 4
5496 6
5497 10
5498 10
5499 11
5500 6
5501 29
5502 19
5503 6
5504 7
5505 4
5506 7
5507 39
5508 11
5509 16
5510 12
5511 46
5512 23
5513 5
5514 5
5515 26
5516 56
5517 10
5518 30
5519 38
5520 10
5521 46
5522 5
5523 27
5524 88
5525 17
5526 25
5527 9
5528 6
5529 78
5530 13
5531 5
5532 8
5533 16
5534 34
5535 6
5536 191
5537 12
5538 22
5539 20
5540 9
5541 8
5542 61
5543 17
5544 7
5545 16
5546 14
5547 6
5548 7
5549 16
5550 15
5551 4
5552 16
5553 10
5554 6
5555 39
5556 12
5557 243
5558 56
5559 55
5560 5
5561 9
5562 22
5563 3
5564 7
5565 6
5566 5
5567 4
5568 5
5569 36
5570 28
5571 5
5572 9
5573 20
5574 13
5575 8
5576 5
5577 9
5578 9
5579 4
5580 33
5581 17
5582 57
5583 22
5584 4
5585 4
5586 44
5587 5
5588 7
5589 8
5590 9
5591 6
5592 19
5593 7
5594 3
5595 4
5596 4
5597 93
5598 7
5599 5
5600 5
5601 19
5602 14
5603 5
5604 8
5605 14
5606 10
5607 7
5608 11
5609 10
5610 7
5611 16
5612 7
5613 16
5614 19
5615 6
5616 28
5617 12
5618 35
5619 9
5620 15
5621 3
5622 10
5623 9
5624 12
5625 11
5626 17
5627 9
5628 6
5629 45
5630 8
5631 9
5632 4
5633 30
5634 17
5635 23
5636 10
5637 132
5638 4
5639 12
5640 5
5641 7
5642 6
5643 4
5644 40
5645 3
5646 4
5647 6
5648 5
5649 4
5650 5
5651 5
5652 14
5653 11
5654 7
5655 9
5656 9
5657 7
5658 4
5659 7
5660 6
5661 5
5662 6
5663 27
5664 5
5665 167
5666 69
5667 10
5668 6
5669 13
5670 5
5671 14
5672 7
5673 5
5674 9
5675 6
5676 9
5677 11
5678 5
5679 10
5680 6
5681 4
5682 11
5683 5
5684 7
5685 10
5686 2
5687 4
5688 18
5689 13
5690 33
5691 5
5692 14
5693 13
5694 9
5695 23
5696 5
5697 11
5698 27
5699 5
5700 7
5701 13
5702 12
5703 21
5704 38
5705 69
5706 38
5707 14
5708 3
5709 4
5710 69
5711 5
5712 8
5713 9
5714 5
5715 7
5716 14
5717 5
5718 4
5719 30
5720 45
5721 10
5722 15
5723 5
5724 9
5725 5
5726 6
5727 6
5728 9
5729 20
5730 8
5731 5
5732 9
5733 5
5734 7
5735 15
5736 4
5737 5
5738 8
5739 5
5740 12
5741 10
5742 36
5743 12
5744 5
5745 8
5746 9
5747 6
5748 9
5749 6
5750 6
5751 4
5752 9
5753 7
5754 16
5755 82
5756 163
5757 4
5758 26
5759 23
5760 3
5761 27
5762 6
5763 7
5764 4
5765 4
5766 7
5767 9
5768 6
5769 8
5770 5
5771 26
5772 9
5773 16
5774 64
5775 6
5776 37
5777 40
5778 4
5779 6
5780 8
5781 57
5782 7
5783 14
5784 12
5785 6
5786 84
5787 5
5788 4
5789 18
5790 8
5791 6
5792 4
5793 9
5794 9
5795 28
5796 4
5797 7
5798 10
5799 47
5800 3
5801 13
5802 38
5803 4
5804 5
5805 4
5806 18
5807 15
5808 94
5809 20
5810 20
5811 48
5812 5
5813 50
5814 8
5815 28
5816 6
5817 10
5818 6
5819 10
5820 20
5821 8
5822 4
5823 7
5824 11
5825 12
5826 11
5827 6
5828 7
5829 9
5830 4
5831 11
5832 12
5833 7
5834 9
5835 8
5836 16
5837 29
5838 11
5839 5
5840 8
5841 8
5842 13
5843 25
5844 5
5845 6
5846 8
5847 6
5848 113
5849 19
5850 34
5851 59
5852 12
5853 4
5854 6
5855 5
5856 8
5857 5
5858 4
5859 5
5860 8
5861 19
5862 27
5863 7
5864 13
5865 6
5866 6
5867 14
5868 22
5869 6
5870 5
5871 49
5872 138
5873 8
5874 9
5875 16
5876 30
5877 28
5878 31
5879 4
5880 6
5881 5
5882 10
5883 17
5884 3
5885 31
5886 16
5887 11
5888 6
5889 5
5890 5
5891 4
5892 6
5893 26
5894 23
5895 5
5896 7
5897 5
5898 5
5899 5
5900 7
5901 21
5902 20
5903 16
5904 69
5905 7
5906 11
5907 12
5908 9
5909 6
5910 13
5911 7
5912 6
5913 11
5914 6
5915 6
5916 13
5917 5
5918 9
5919 4
5920 15
5921 5
5922 3
5923 7
5924 17
5925 5
5926 5
5927 6
5928 17
5929 21
5930 12
5931 7
5932 5
5933 4
5934 6
5935 4
5936 30
5937 7
5938 11
5939 5
5940 2
5941 12
5942 5
5943 4
5944 2
5945 21
5946 7
5947 16
5948 40
5949 14
5950 4
5951 11
5952 7
5953 29
5954 19
5955 15
5956 8
5957 25
5958 4
5959 4
5960 9
5961 24
5962 20
5963 20
5964 19
5965 7
5966 4
5967 9
5968 5
5969 14
5970 8
5971 4
5972 5
5973 6
5974 15
5975 26
5976 17
5977 13
5978 214
5979 17
5980 4
5981 10
5982 7
5983 7
5984 36
5985 16
5986 21
5987 9
5988 6
5989 14
5990 3
5991 8
5992 6
5993 19
5994 12
5995 19
5996 12
5997 5
5998 12
5999 9
6000 28
6001 5
6002 5
6003 29
6004 55
6005 7
6006 6
6007 8
6008 3
6009 16
6010 14
6011 4
6012 8
6013 5
6014 5
6015 9
6016 5
6017 10
6018 7
6019 6
6020 5
6021 13
6022 5
6023 7
6024 7
6025 7
6026 4
6027 11
6028 27
6029 19
6030 5
6031 3
6032 38
6033 6
6034 28
6035 46
6036 6
6037 16
6038 5
6039 43
6040 6
6041 5
6042 9
6043 10
6044 7
6045 8
6046 6
6047 6
6048 6
6049 24
6050 8
6051 5
6052 6
6053 5
6054 11
6055 4
6056 8
6057 12
6058 15
6059 7
6060 4
6061 9
6062 7
6063 5
6064 21
6065 7
6066 25
6067 3
6068 8
6069 13
6070 31
6071 7
6072 50
6073 8
6074 15
6075 6
6076 4
6077 5
6078 11
6079 5
6080 5
6081 9
6082 3
6083 7
6084 17
6085 13
6086 4
6087 31
6088 14
6089 7
6090 4
6091 14
6092 33
6093 6
6094 5
6095 29
6096 4
6097 9
6098 61
6099 10
6100 38
6101 9
6102 4
6103 26
6104 28
6105 10
6106 19
6107 26
6108 17
6109 7
6110 6
6111 5
6112 6
6113 14
6114 10
6115 5
6116 73
6117 6
6118 9
6119 8
6120 5
6121 4
6122 7
6123 5
6124 45
6125 60
6126 35
6127 11
6128 41
6129 5
6130 6
6131 10
6132 4
6133 5
6134 84
6135 24
6136 5
6137 6
6138 6
6139 9
6140 41
6141 5
6142 20
6143 10
6144 10
6145 7
6146 7
6147 13
6148 5
6149 6
6150 6
6151 8
6152 11
6153 6
6154 5
6155 9
6156 8
6157 10
6158 8
6159 16
6160 7
6161 7
6162 21
6163 12
6164 21
6165 7
6166 79
6167 7
6168 5
6169 22
6170 32
6171 8
6172 10
6173 7
6174 43
6175 24
6176 79
6177 4
6178 58
6179 46
6180 13
6181 8
6182 7
6183 11
6184 7
6185 6
6186 11
6187 11
6188 5
6189 10
6190 5
6191 5
6192 13
6193 13
6194 12
6195 5
6196 16
6197 4
6198 6
6199 11
6200 4
6201 8
6202 10
6203 35
6204 4
6205 6
6206 6
6207 13
6208 28
6209 3
6210 44
6211 6
6212 41
6213 11
6214 38
6215 9
6216 18
6217 8
6218 19
6219 6
6220 5
6221 32
6222 7
6223 5
6224 41
6225 29
6226 32
6227 5
6228 4
6229 4
6230 5
6231 6
6232 18
6233 16
6234 5
6235 25
6236 6
6237 10
6238 4
6239 5
6240 31
6241 33
6242 15
6243 5
6244 10
6245 2
6246 3
6247 4
6248 6
6249 5
6250 17
6251 27
6252 61
6253 6
6254 10
6255 5
6256 20
6257 7
6258 5
6259 8
6260 6
6261 3
6262 6
6263 42
6264 18
6265 21
6266 35
6267 49
6268 15
6269 9
6270 19
6271 12
6272 42
6273 6
6274 22
6275 6
6276 10
6277 20
6278 62
6279 5
6280 51
6281 25
6282 63
6283 24
6284 4
6285 15
6286 11
6287 5
6288 13
6289 17
6290 10
6291 31
6292 5
6293 15
6294 35
6295 34
6296 10
6297 53
6298 8
6299 5
6300 6
6301 23
6302 5
6303 5
6304 11
6305 27
6306 5
6307 5
6308 4
6309 8
6310 10
6311 7
6312 33
6313 15
6314 18
6315 16
6316 4
6317 6
6318 9
6319 6
6320 30
6321 5
6322 91
6323 5
6324 16
6325 6
6326 5
6327 15
6328 9
6329 5
6330 19
6331 52
6332 4
6333 9
6334 5
6335 10
6336 30
6337 62
6338 11
6339 7
6340 9
6341 12
6342 9
6343 39
6344 12
6345 5
6346 6
6347 18
6348 38
6349 14
6350 8
6351 4
6352 21
6353 31
6354 4
6355 14
6356 18
6357 17
6358 20
6359 32
6360 19
6361 5
6362 10
6363 11
6364 11
6365 6
6366 11
6367 5
6368 3
6369 30
6370 10
6371 7
6372 12
6373 14
6374 31
6375 3
6376 6
6377 6
6378 13
6379 11
6380 12
6381 26
6382 5
6383 11
6384 27
6385 67
6386 23
6387 3
6388 11
6389 25
6390 11
6391 5
6392 28
6393 12
6394 9
6395 18
6396 19
6397 11
6398 5
6399 15
6400 5
6401 41
6402 8
6403 6
6404 8
6405 12
6406 16
6407 11
6408 16
6409 39
6410 4
6411 30
6412 3
6413 8
6414 12
6415 13
6416 7
6417 19
6418 9
6419 10
6420 17
6421 5
6422 4
6423 4
6424 3
6425 5
6426 16
6427 5
6428 5
6429 5
6430 15
6431 7
6432 11
6433 8
6434 10
6435 7
6436 16
6437 18
6438 14
6439 5
6440 5
6441 3
6442 5
6443 8
6444 13
6445 4
6446 12
6447 26
6448 19
6449 4
6450 10
6451 10
6452 9
6453 11
6454 4
6455 5
6456 12
6457 5
6458 5
6459 10
6460 8
6461 13
6462 9
6463 15
6464 4
6465 4
6466 6
6467 6
6468 7
6469 7
6470 9
6471 18
6472 10
6473 13
6474 15
6475 45
6476 51
6477 16
6478 42
6479 12
6480 5
6481 5
6482 7
6483 9
6484 6
6485 5
6486 14
6487 4
6488 7
6489 29
6490 23
6491 4
6492 14
6493 5
6494 5
6495 15
6496 11
6497 8
6498 15
6499 23
6500 8
6501 6
6502 45
6503 32
6504 14
6505 26
6506 39
6507 4
6508 10
6509 4
6510 7
6511 42
6512 10
6513 5
6514 6
6515 6
6516 7
6517 14
6518 5
6519 14
6520 3
6521 30
6522 27
6523 7
6524 10
6525 11
6526 18
6527 12
6528 12
6529 7
6530 8
6531 11
6532 8
6533 10
6534 6
6535 16
6536 18
6537 7
6538 67
6539 28
6540 8
6541 8
6542 28
6543 24
6544 10
6545 5
6546 15
6547 4
6548 10
6549 4
6550 6
6551 5
6552 20
6553 6
6554 8
6555 21
6556 11
6557 7
6558 6
6559 5
6560 12
6561 7
6562 4
6563 5
6564 28
6565 8
6566 8
6567 6
6568 10
6569 5
6570 5
6571 12
6572 20
6573 6
6574 5
6575 44
6576 6
6577 39
6578 25
6579 25
6580 20
6581 5
6582 21
6583 9
6584 6
6585 6
6586 5
6587 7
6588 9
6589 6
6590 12
6591 4
6592 23
6593 52
6594 5
6595 15
6596 5
6597 13
6598 8
6599 3
6600 7
6601 9
6602 27
6603 22
6604 15
6605 13
6606 4
6607 6
6608 5
6609 24
6610 9
6611 8
6612 6
6613 5
6614 5
6615 6
6616 9
6617 9
6618 13
6619 11
6620 6
6621 13
6622 10
6623 28
6624 14
6625 6
6626 8
6627 7
6628 7
6629 4
6630 6
6631 4
6632 11
6633 7
6634 45
6635 22
6636 8
6637 9
6638 6
6639 11
6640 6
6641 7
6642 8
6643 23
6644 4
6645 5
6646 12
6647 12
6648 10
6649 5
6650 17
6651 3
6652 31
6653 15
6654 10
6655 5
6656 5
6657 10
6658 6
6659 20
6660 19
6661 36
6662 4
6663 25
6664 26
6665 4
6666 9
6667 4
6668 5
6669 6
6670 5
6671 16
6672 7
6673 4
6674 10
6675 16
6676 14
6677 9
6678 7
6679 7
6680 15
6681 14
6682 6
6683 11
6684 5
6685 5
6686 10
6687 10
6688 29
6689 5
6690 24
6691 4
6692 5
6693 8
6694 6
6695 11
6696 8
6697 5
6698 6
6699 6
6700 3
6701 6
6702 4
6703 6
6704 4
6705 55
6706 14
6707 10
6708 5
6709 6
6710 13
6711 6
6712 7
6713 5
6714 11
6715 19
6716 14
6717 10
6718 14
6719 33
6720 12
6721 7
6722 11
6723 9
6724 27
6725 5
6726 4
6727 11
6728 87
6729 5
6730 4
6731 5
6732 63
6733 14
6734 13
6735 19
6736 4
6737 6
6738 4
6739 18
6740 4
6741 8
6742 8
6743 5
6744 22
6745 4
6746 8
6747 12
6748 6
6749 3
6750 10
6751 10
6752 19
6753 12
6754 10
6755 2
6756 9
6757 7
6758 7
6759 29
6760 9
6761 23
6762 3
6763 7
6764 4
6765 96
6766 6
6767 5
6768 5
6769 2
6770 3
6771 34
6772 30
6773 9
6774 11
6775 8
6776 8
6777 6
6778 3
6779 4
6780 13
6781 12
6782 5
6783 9
6784 7
6785 4
6786 12
6787 35
6788 37
6789 29
6790 36
6791 5
6792 10
6793 5
6794 4
6795 9
6796 8
6797 9
6798 24
6799 13
6800 15
6801 14
6802 5
6803 12
6804 7
6805 8
6806 9
6807 11
6808 7
6809 5
6810 35
6811 33
6812 13
6813 11
6814 11
6815 14
6816 8
6817 8
6818 14
6819 7
6820 4
6821 42
6822 11
6823 6
6824 6
6825 13
6826 21
6827 5
6828 10
6829 7
6830 4
6831 9
6832 5
6833 42
6834 6
6835 7
6836 5
6837 5
6838 8
6839 20
6840 7
6841 8
6842 6
6843 8
6844 5
6845 4
6846 10
6847 9
6848 14
6849 5
6850 9
6851 11
6852 7
6853 15
6854 10
6855 6
6856 7
6857 6
6858 6
6859 11
6860 5
6861 4
6862 17
6863 32
6864 4
6865 4
6866 4
6867 27
6868 4
6869 6
6870 6
6871 22
6872 7
6873 41
6874 24
6875 14
6876 5
6877 10
6878 5
6879 6
6880 7
6881 12
6882 7
6883 13
6884 15
6885 6
6886 7
6887 9
6888 54
6889 42
6890 16
6891 5
6892 33
6893 4
6894 15
6895 6
6896 8
6897 7
6898 11
6899 6
6900 23
6901 4
6902 26
6903 44
6904 5
6905 5
6906 25
6907 32
6908 6
6909 4
6910 5
6911 21
6912 15
6913 17
6914 14
6915 32
6916 15
6917 13
6918 9
6919 9
6920 5
6921 8
6922 4
6923 8
6924 15
6925 7
6926 5
6927 5
6928 7
6929 5
6930 33
6931 10
6932 16
6933 7
6934 7
6935 8
6936 11
6937 19
6938 17
6939 10
6940 12
6941 12
6942 13
6943 12
6944 14
6945 16
6946 7
6947 11
6948 8
6949 7
6950 12
6951 5
6952 6
6953 15
6954 5
6955 15
6956 18
6957 16
6958 9
6959 16
6960 12
6961 4
6962 9
6963 4
6964 34
6965 6
6966 12
6967 34
6968 60
6969 3
6970 4
6971 4
6972 5
6973 21
6974 13
6975 18
6976 13
6977 22
6978 16
6979 16
6980 8
6981 9
6982 5
6983 8
6984 8
6985 10
6986 6
6987 6
6988 8
6989 12
6990 7
6991 5
6992 4
6993 44
6994 18
6995 22
6996 31
6997 29
6998 27
6999 5
7000 6
7001 5
7002 11
7003 11
7004 7
7005 48
7006 13
7007 7
7008 9
7009 5
7010 9
7011 48
7012 4
7013 7
7014 12
7015 5
7016 12
7017 7
7018 9
7019 4
7020 10
7021 9
7022 34
7023 25
7024 22
7025 19
7026 7
7027 12
7028 34
7029 9
7030 5
7031 7
7032 4
7033 5
7034 6
7035 5
7036 5
7037 4
7038 18
7039 12
7040 7
7041 5
7042 7
7043 6
7044 6
7045 4
7046 9
7047 6
7048 8
7049 23
