0 41
1 54
2 68
3 61
4 35
5 47
6 51
7 62
8 23
9 62
10 54
11 38
12 64
13 41
14 51
15 53
16 33
17 52
18 55
19 53
20 37
21 89
22 56
23 37
24 33
25 24
26 33
27 25
28 37
29 32
30 72
31 5
32 42
33 6
34 4
35 22
36 35
37 46
38 59
39 29
40 24
41 41
42 50
43 45
44 75
45 71
46 54
47 53
48 37
49 69
50 66
51 59
52 71
53 50
54 32
55 59
56 49
57 63
58 45
59 53
60 57
61 65
62 80
63 61
64 72
65 85
66 89
67 46
68 49
69 71
70 70
71 46
72 38
73 34
74 51
75 53
76 55
77 8
78 65
79 25
80 10
81 19
82 47
83 74
84 13
85 14
86 52
87 34
88 29
89 72
90 30
91 58
92 74
93 39
94 80
95 36
96 40
97 61
98 56
99 32
100 39
101 19
102 42
103 65
104 48
105 46
106 32
107 26
108 17
109 78
110 65
111 13
112 41
113 31
114 44
115 35
116 24
117 21
118 56
119 34
120 16
121 24
122 38
123 45
124 32
125 30
126 29
127 44
128 32
129 35
130 28
131 48
132 39
133 47
134 27
135 35
136 41
137 29
138 37
139 28
140 36
141 33
142 41
143 16
144 25
145 36
146 43
147 25
148 29
149 12
150 7
151 22
152 41
153 52
154 28
155 23
156 23
157 20
158 23
159 26
160 44
161 39
162 10
163 25
164 31
165 18
166 20
167 19
168 21
169 5
170 7
171 30
172 36
173 11
174 30
175 14
176 52
177 3
178 5
179 23
180 26
181 36
182 28
183 28
184 22
185 13
186 13
187 31
188 11
189 17
190 12
191 25
192 23
193 21
194 37
195 24
196 15
197 20
198 9
199 14
200 11
201 31
202 13
203 36
204 9
205 16
206 23
207 9
208 35
209 7
210 5
211 43
212 35
213 11
214 8
215 15
216 8
217 20
218 8
219 15
220 25
221 27
222 13
223 21
224 22
225 28
226 26
227 39
228 20
229 11
230 26
231 29
232 16
233 19
234 11
235 11
236 18
237 16
238 4
239 7
240 6
241 8
242 23
243 15
244 22
245 17
246 22
247 52
248 31
249 32
250 13
251 22
252 8
253 17
254 44
255 21
256 7
257 24
258 25
259 22
260 16
261 17
262 21
263 18
264 26
265 62
266 72
267 53
268 43
269 61
270 68
271 49
272 62
273 54
274 64
275 48
276 44
277 25
278 36
279 38
280 77
281 5
282 34
283 52
284 10
285 35
286 21
287 20
288 16
289 9
290 14
291 20
292 43
293 20
294 21
295 12
296 20
297 12
298 31
299 39
300 59
301 14
302 14
303 17
304 11
305 44
306 16
307 21
308 28
309 27
310 17
311 21
312 23
313 27
314 23
315 34
316 31
317 27
318 15
319 22
320 36
321 25
322 29
323 32
324 33
325 42
326 27
327 26
328 32
329 23
330 53
331 41
332 16
333 36
334 28
335 29
336 37
337 21
338 13
339 8
340 30
341 21
342 16
343 14
344 12
345 14
346 36
347 52
348 20
349 10
350 12
351 11
352 23
353 22
354 10
355 19
356 14
357 15
358 35
359 36
360 9
361 12
362 11
363 18
364 40
365 39
366 28
367 20
368 38
369 25
370 21
371 21
372 13
373 23
374 14
375 46
376 24
377 78
378 32
379 69
380 12
381 30
382 10
383 23
384 14
385 14
386 13
387 54
388 7
389 12
390 24
391 14
392 19
393 20
394 28
395 29
396 19
397 13
398 18
399 12
400 9
401 17
402 6
403 15
404 11
405 10
406 6
407 45
408 7
409 25
410 7
411 7
412 4
413 15
414 5
415 10
416 4
417 8
418 13
419 14
420 9
421 31
422 11
423 11
424 7
425 29
426 18
427 66
428 22
429 25
430 11
431 31
432 48
433 30
434 21
435 20
436 19
437 29
438 12
439 17
440 33
441 35
442 12
443 27
444 29
445 65
446 64
447 63
448 67
449 58
450 67
451 70
452 80
453 88
454 57
455 20
456 20
457 28
458 14
459 29
460 29
461 48
462 16
463 26
464 34
465 14
466 23
467 15
468 11
469 48
470 6
471 4
472 40
473 27
474 9
475 8
476 34
477 41
478 16
479 13
480 32
481 32
482 10
483 17
484 5
485 25
486 22
487 32
488 56
489 8
490 9
491 9
492 41
493 27
494 10
495 28
496 31
497 34
498 26
499 20
500 23
501 20
502 32
503 16
504 13
505 28
506 27
507 37
508 23
509 13
510 36
511 37
512 11
513 20
514 26
515 20
516 26
517 29
518 47
519 13
520 22
521 27
522 11
523 31
524 57
525 71
526 6
527 27
528 8
529 41
530 26
531 17
532 10
533 18
534 15
535 10
536 38
537 21
538 22
539 8
540 27
541 32
542 26
543 39
544 23
545 34
546 12
547 25
548 12
549 35
550 10
551 37
552 11
553 34
554 24
555 48
556 15
557 15
558 27
559 2
560 15
561 12
562 6
563 9
564 3
565 26
566 12
567 14
568 10
569 34
570 22
571 21
572 21
573 11
574 4
575 18
576 18
577 11
578 6
579 11
580 8
581 10
582 14
583 4
584 5
585 69
586 28
587 42
588 62
589 33
590 21
591 18
592 3
593 27
594 23
595 19
596 29
597 68
598 22
599 8
600 10
601 16
602 25
603 30
604 10
605 16
606 42
607 40
608 20
609 11
610 43
611 2
612 32
613 19
614 14
615 30
616 40
617 41
618 44
619 44
620 31
621 62
622 70
623 68
624 41
625 50
626 51
627 57
628 29
629 52
630 62
631 27
632 39
633 47
634 38
635 26
636 59
637 79
638 72
639 22
640 46
641 61
642 41
643 5
644 8
645 12
646 7
647 4
648 6
649 5
650 8
651 5
652 4
653 43
654 50
655 45
656 61
657 45
658 59
659 91
660 48
661 56
662 47
663 71
664 84
665 32
666 73
667 33
668 84
669 32
670 45
671 46
672 21
673 35
674 79
675 64
676 88
677 64
678 35
679 56
680 42
681 65
682 41
683 39
684 41
685 81
686 8
687 75
688 51
689 67
690 38
691 51
692 61
693 61
694 60
695 54
696 63
697 50
698 29
699 64
700 30
701 31
702 32
703 53
704 68
705 45
706 51
707 79
708 54
709 47
710 40
711 79
712 18
713 33
714 45
715 53
716 28
717 83
718 38
719 37
720 41
721 43
722 70
723 43
724 73
725 52
726 55
727 87
728 19
729 26
730 58
731 71
732 76
733 50
734 50
735 70
736 8
737 59
738 73
739 50
740 22
741 32
742 40
743 75
744 40
745 60
746 14
747 8
748 31
749 29
750 32
751 28
752 32
753 34
754 24
755 26
756 82
757 52
758 46
759 55
760 18
761 79
762 59
763 31
764 59
765 65
766 79
767 49
768 39
769 31
770 39
771 32
772 78
773 40
774 34
775 79
776 58
777 41
778 59
779 62
780 38
781 11
782 45
783 20
784 24
785 60
786 10
787 14
788 34
789 38
790 18
791 56
792 30
793 41
794 31
795 32
796 42
797 15
798 56
799 51
800 74
801 14
802 68
803 46
804 71
805 59
806 26
807 25
808 39
809 36
810 5
811 40
812 40
813 38
814 42
815 60
816 52
817 53
818 43
819 50
820 28
821 46
822 65
823 56
824 37
825 22
826 12
827 28
828 15
829 13
830 18
831 61
832 59
833 55
834 36
835 22
836 46
837 50
838 15
839 11
840 16
841 36
842 34
843 45
844 46
845 18
846 16
847 15
848 46
849 21
850 34
851 35
852 17
853 33
854 19
855 31
856 70
857 56
858 8
859 31
860 20
861 35
862 31
863 21
864 8
865 73
866 30
867 16
868 13
869 31
870 49
871 46
872 53
873 63
874 32
875 30
876 15
877 12
878 7
879 16
880 16
881 21
882 15
883 19
884 10
885 5
886 46
887 61
888 73
889 43
890 26
891 33
892 27
893 18
894 51
895 26
896 18
897 13
898 17
899 38
900 54
901 22
902 39
903 35
904 48
905 22
906 20
907 29
908 30
909 16
910 49
911 23
912 51
913 40
914 49
915 72
916 38
917 59
918 52
919 61
920 61
921 46
922 43
923 38
924 32
925 50
926 52
927 43
928 41
929 17
930 49
931 35
932 45
933 55
934 53
935 39
936 18
937 43
938 44
939 39
940 43
941 45
942 40
943 6
944 24
945 65
946 38
947 18
948 14
949 79
950 57
951 43
952 27
953 13
954 36
955 28
956 19
957 40
958 27
959 44
960 21
961 22
962 45
963 21
964 18
965 30
966 13
967 10
968 32
969 36
970 33
971 55
972 39
973 52
974 41
975 37
976 19
977 31
978 19
979 16
980 25
981 13
982 27
983 15
984 30
985 39
986 56
987 60
988 28
989 21
990 26
991 22
992 26
993 20
994 18
995 21
996 28
997 11
998 24
999 16
1000 31
1001 28
1002 33
1003 16
1004 28
1005 29
1006 38
1007 14
1008 17
1009 22
1010 5
1011 4
1012 17
1013 6
1014 15
1015 22
1016 18
1017 34
1018 31
1019 13
1020 7
1021 25
1022 25
1023 59
1024 16
1025 19
1026 13
1027 18
1028 24
1029 15
1030 43
1031 41
1032 17
1033 7
1034 23
1035 17
1036 28
1037 15
1038 37
1039 24
1040 25
1041 17
1042 39
1043 39
1044 48
1045 7
1046 53
1047 32
1048 34
1049 21
1050 44
1051 29
1052 15
1053 23
1054 28
1055 18
1056 8
1057 14
1058 16
1059 23
1060 11
1061 30
1062 14
1063 31
1064 31
1065 20
1066 22
1067 30
1068 31
1069 49
1070 51
1071 34
1072 31
1073 18
1074 25
1075 58
1076 33
1077 25
1078 25
1079 24
1080 30
1081 34
1082 26
1083 18
1084 25
1085 24
1086 13
1087 13
1088 16
1089 24
1090 33
1091 20
1092 46
1093 33
1094 21
1095 33
1096 18
1097 22
1098 39
1099 39
1100 11
1101 18
1102 10
1103 66
1104 22
1105 14
1106 27
1107 18
1108 21
1109 25
1110 19
1111 21
1112 25
1113 41
1114 35
1115 42
1116 17
1117 14
1118 44
1119 32
1120 37
1121 36
1122 31
1123 26
1124 20
1125 23
1126 23
1127 33
1128 24
1129 23
1130 26
1131 31
1132 37
1133 37
1134 30
1135 9
1136 39
1137 31
1138 23
1139 22
1140 55
1141 19
1142 13
1143 19
1144 13
1145 10
1146 20
1147 15
1148 10
1149 7
1150 19
1151 17
1152 10
1153 18
1154 24
1155 41
1156 39
1157 23
1158 32
1159 15
1160 28
1161 61
1162 28
1163 40
1164 24
1165 10
1166 12
1167 35
1168 17
1169 23
1170 27
1171 28
1172 49
1173 22
1174 33
1175 40
1176 26
1177 30
1178 29
1179 20
1180 21
1181 15
1182 26
1183 25
1184 31
1185 57
1186 35
1187 39
1188 34
1189 50
1190 38
1191 28
1192 33
1193 8
1194 37
1195 36
1196 21
1197 31
1198 11
1199 33
1200 12
1201 11
1202 62
1203 39
1204 38
1205 16
1206 40
1207 25
1208 12
1209 24
1210 42
1211 41
1212 23
1213 22
1214 19
1215 39
1216 26
1217 16
1218 36
1219 21
1220 42
1221 14
1222 23
1223 32
1224 29
1225 28
1226 11
1227 22
1228 27
1229 24
1230 17
1231 35
1232 12
1233 17
1234 19
1235 26
1236 16
1237 28
1238 8
1239 26
1240 8
1241 21
1242 20
1243 31
1244 35
1245 23
1246 20
1247 23
1248 18
1249 41
1250 20
1251 27
1252 10
1253 40
1254 18
1255 24
1256 21
1257 38
1258 23
1259 16
1260 39
1261 38
1262 14
1263 22
1264 14
1265 45
1266 13
1267 7
1268 32
1269 24
1270 25
1271 31
1272 10
1273 45
1274 42
1275 45
1276 20
1277 31
1278 19
1279 25
1280 34
1281 20
1282 17
1283 16
1284 15
1285 35
1286 28
1287 15
1288 28
1289 44
1290 34
1291 17
1292 39
1293 13
1294 32
1295 9
1296 5
1297 14
1298 13
1299 24
1300 21
1301 39
1302 45
1303 17
1304 20
1305 26
1306 18
1307 24
1308 31
1309 4
1310 23
1311 25
1312 15
1313 8
1314 21
1315 22
1316 19
1317 19
1318 7
1319 22
1320 22
1321 4
1322 12
1323 27
1324 29
1325 29
1326 13
1327 52
1328 15
1329 29
1330 32
1331 15
1332 15
1333 34
1334 50
1335 22
1336 45
1337 22
1338 14
1339 29
1340 9
1341 8
1342 11
1343 21
1344 5
1345 22
1346 16
1347 17
1348 22
1349 18
1350 8
1351 18
1352 14
1353 32
1354 5
1355 25
1356 11
1357 4
1358 18
1359 29
1360 24
1361 37
1362 15
1363 10
1364 36
1365 14
1366 21
1367 34
1368 11
1369 22
1370 31
1371 23
1372 18
1373 5
1374 12
1375 7
1376 9
1377 17
1378 11
1379 18
1380 30
1381 16
1382 19
1383 18
1384 39
1385 25
1386 43
1387 17
1388 18
1389 18
1390 9
1391 20
1392 9
1393 27
1394 24
1395 28
1396 35
1397 14
1398 8
1399 9
1400 15
1401 12
1402 10
1403 17
1404 7
1405 8
1406 16
1407 31
1408 24
1409 25
1410 24
1411 22
1412 30
1413 19
1414 47
1415 49
1416 23
1417 15
1418 18
1419 27
1420 4
1421 38
1422 23
1423 19
1424 18
1425 19
1426 24
1427 25
1428 5
1429 19
1430 19
1431 15
1432 14
1433 38
1434 30
1435 12
1436 8
1437 14
1438 15
1439 7
1440 21
1441 9
1442 25
1443 32
1444 21
1445 31
1446 19
1447 16
1448 31
1449 16
1450 35
1451 17
1452 29
1453 23
1454 28
1455 17
1456 24
1457 41
1458 50
1459 10
1460 10
1461 12
1462 34
1463 36
1464 30
1465 31
1466 31
1467 28
1468 14
1469 18
1470 29
1471 13
1472 16
1473 15
1474 12
1475 19
1476 17
1477 45
1478 30
1479 10
1480 11
1481 24
1482 9
1483 14
1484 21
1485 25
1486 18
1487 7
1488 29
1489 7
1490 4
1491 59
1492 13
1493 27
1494 65
1495 86
1496 82
1497 37
1498 22
1499 9
1500 12
1501 26
1502 19
1503 19
1504 10
1505 14
1506 15
1507 26
1508 29
1509 17
1510 12
1511 18
1512 27
1513 27
1514 17
1515 17
1516 27
1517 30
1518 27
1519 10
1520 20
1521 22
1522 13
1523 9
1524 11
1525 25
1526 18
1527 36
1528 14
1529 23
1530 13
1531 22
1532 6
1533 14
1534 28
1535 26
1536 28
1537 28
1538 12
1539 46
1540 18
1541 10
1542 18
1543 14
1544 17
1545 22
1546 16
1547 22
1548 20
1549 33
1550 12
1551 35
1552 20
1553 24
1554 14
1555 41
1556 22
1557 31
1558 27
1559 45
1560 47
1561 11
1562 13
1563 8
1564 10
1565 20
1566 17
1567 38
1568 35
1569 41
1570 28
1571 11
1572 6
1573 20
1574 14
1575 20
1576 4
1577 4
1578 9
1579 4
1580 20
1581 14
1582 7
1583 9
1584 11
1585 3
1586 18
1587 7
1588 11
1589 6
1590 11
1591 7
1592 8
1593 6
1594 27
1595 11
1596 38
1597 19
1598 21
1599 6
1600 7
1601 8
1602 8
1603 6
1604 7
1605 8
1606 4
1607 7
1608 12
1609 7
1610 4
1611 5
1612 5
1613 3
1614 7
1615 9
1616 4
1617 6
1618 21
1619 19
1620 13
1621 15
1622 40
1623 14
1624 11
1625 3
1626 4
1627 10
1628 5
1629 6
1630 20
1631 8
1632 5
1633 29
1634 15
1635 5
1636 27
1637 35
1638 24
1639 7
1640 4
1641 2
1642 21
1643 6
1644 4
1645 10
1646 10
1647 16
1648 8
1649 18
1650 5
1651 3
1652 12
1653 7
1654 8
1655 18
1656 25
1657 14
1658 45
1659 14
1660 24
1661 20
1662 20
1663 7
1664 30
1665 11
1666 13
1667 18
1668 15
1669 40
1670 20
1671 17
1672 5
1673 45
1674 23
1675 11
1676 35
1677 39
1678 26
1679 54
1680 22
1681 30
1682 5
1683 14
1684 12
1685 8
1686 12
1687 8
1688 13
1689 28
1690 16
1691 17
1692 9
1693 13
1694 11
1695 8
1696 13
1697 7
1698 4
1699 4
1700 9
1701 8
1702 10
1703 24
1704 17
1705 25
1706 11
1707 14
1708 21
1709 5
1710 5
1711 10
1712 9
1713 8
1714 6
1715 10
1716 3
1717 9
1718 4
1719 5
1720 12
1721 11
1722 27
1723 27
1724 9
1725 17
1726 6
1727 14
1728 28
1729 41
1730 32
1731 40
1732 37
1733 14
1734 33
1735 7
1736 24
1737 22
1738 12
1739 14
1740 9
1741 28
1742 8
1743 13
1744 9
1745 55
1746 8
1747 10
1748 10
1749 37
1750 39
1751 30
1752 24
1753 39
1754 32
1755 40
1756 20
1757 43
1758 15
1759 12
1760 38
1761 16
1762 16
1763 47
1764 43
1765 41
1766 23
1767 13
1768 13
1769 9
1770 5
1771 12
1772 25
1773 21
1774 23
1775 11
1776 10
1777 7
1778 4
1779 6
1780 5
1781 17
1782 13
1783 17
1784 8
1785 9
1786 5
1787 12
1788 13
1789 22
1790 23
1791 28
1792 18
1793 7
1794 8
1795 6
1796 17
1797 5
1798 13
1799 10
1800 5
1801 21
1802 16
1803 32
1804 29
1805 20
1806 11
1807 28
1808 12
1809 19
1810 30
1811 15
1812 51
1813 26
1814 7
1815 33
1816 37
1817 19
1818 16
1819 18
1820 15
1821 25
1822 24
1823 11
1824 14
1825 15
1826 19
1827 39
1828 24
1829 30
1830 28
1831 28
1832 11
1833 27
1834 15
1835 26
1836 20
1837 15
1838 13
1839 20
1840 15
1841 34
1842 26
1843 33
1844 36
1845 8
1846 18
1847 33
1848 20
1849 16
1850 12
1851 20
1852 20
1853 12
1854 21
1855 15
1856 35
1857 14
1858 24
1859 20
1860 11
1861 27
1862 28
1863 25
1864 23
1865 25
1866 27
1867 15
1868 8
1869 12
1870 15
1871 17
1872 13
1873 14
1874 7
1875 32
1876 41
1877 35
1878 47
1879 21
1880 20
1881 25
1882 8
1883 20
1884 19
1885 16
1886 22
1887 23
1888 16
1889 14
1890 23
1891 13
1892 11
1893 10
1894 17
1895 15
1896 14
1897 16
1898 11
1899 19
1900 12
1901 16
1902 5
1903 9
1904 7
1905 17
1906 18
1907 9
1908 20
1909 15
1910 16
1911 17
1912 8
1913 4
1914 6
1915 9
1916 26
1917 15
1918 25
1919 12
1920 5
1921 11
1922 4
1923 18
1924 18
1925 25
1926 18
1927 8
1928 13
1929 10
1930 5
1931 23
1932 8
1933 39
1934 27
1935 21
1936 10
1937 10
1938 11
1939 5
1940 8
1941 21
1942 39
1943 47
1944 14
1945 32
1946 27
1947 4
1948 7
1949 11
1950 26
1951 31
1952 23
1953 10
1954 18
1955 9
1956 7
1957 22
1958 6
1959 3
1960 20
1961 24
1962 35
1963 14
1964 9
1965 10
1966 9
1967 15
1968 38
1969 26
1970 6
1971 35
1972 30
1973 17
1974 13
1975 33
1976 27
1977 36
1978 12
1979 39
1980 19
1981 13
1982 27
1983 29
1984 24
1985 27
1986 19
1987 13
1988 10
1989 13
1990 16
1991 8
1992 24
1993 17
1994 34
1995 7
1996 12
1997 43
1998 42
1999 10
2000 24
2001 11
2002 23
2003 12
2004 31
2005 24
2006 9
2007 8
2008 19
2009 28
2010 35
2011 46
2012 43
2013 8
2014 15
2015 19
2016 20
2017 13
2018 15
2019 13
2020 18
2021 15
2022 5
2023 36
2024 19
2025 13
2026 10
2027 9
2028 12
2029 4
2030 39
2031 10
2032 14
2033 25
2034 12
2035 6
2036 13
2037 5
2038 11
2039 34
2040 22
2041 13
2042 11
2043 27
2044 12
2045 31
2046 19
2047 12
2048 8
2049 4
2050 6
2051 11
2052 28
2053 4
2054 19
2055 18
2056 13
2057 8
2058 11
2059 5
2060 19
2061 16
2062 11
2063 10
2064 10
2065 8
2066 9
2067 15
2068 17
2069 14
2070 9
2071 23
2072 20
2073 16
2074 13
2075 12
2076 15
2077 6
2078 10
2079 24
2080 11
2081 12
2082 26
2083 19
2084 38
2085 16
2086 50
2087 27
2088 19
2089 20
2090 24
2091 24
2092 23
2093 26
2094 17
2095 16
2096 17
2097 16
2098 27
2099 7
2100 16
2101 8
2102 22
2103 15
2104 15
2105 13
2106 31
2107 26
2108 23
2109 9
2110 10
2111 22
2112 51
2113 22
2114 17
2115 21
2116 25
2117 19
2118 15
2119 3
2120 31
2121 24
2122 15
2123 31
2124 23
2125 20
2126 18
2127 6
2128 10
2129 15
2130 40
2131 15
2132 11
2133 12
2134 14
2135 33
2136 23
2137 30
2138 30
2139 29
2140 24
2141 26
2142 27
2143 41
2144 19
2145 9
2146 27
2147 20
2148 43
2149 27
2150 13
2151 32
2152 19
2153 18
2154 21
2155 23
2156 28
2157 21
2158 12
2159 19
2160 18
2161 75
2162 20
2163 25
2164 28
2165 34
2166 27
2167 5
2168 8
2169 11
2170 13
2171 28
2172 20
2173 21
2174 35
2175 22
2176 35
2177 11
2178 35
2179 20
2180 24
2181 15
2182 17
2183 19
2184 25
2185 31
2186 30
2187 18
2188 44
2189 20
2190 14
2191 14
2192 28
2193 10
2194 51
2195 10
2196 17
2197 16
2198 38
2199 53
2200 43
2201 24
2202 18
2203 19
2204 7
2205 13
2206 27
2207 22
2208 37
2209 16
2210 17
2211 9
2212 6
2213 11
2214 7
2215 19
2216 29
2217 24
2218 25
2219 21
2220 40
2221 23
2222 7
2223 4
2224 14
2225 23
2226 20
2227 4
2228 14
2229 12
2230 14
2231 9
2232 16
2233 16
2234 14
2235 15
2236 21
2237 12
2238 14
2239 18
2240 22
2241 22
2242 18
2243 19
2244 22
2245 15
2246 46
2247 30
2248 51
2249 20
2250 25
2251 27
2252 25
2253 14
2254 21
2255 37
2256 9
2257 13
2258 9
2259 46
2260 25
2261 29
2262 14
2263 30
2264 13
2265 22
2266 22
2267 15
2268 12
2269 21
2270 66
2271 22
2272 15
2273 34
2274 7
2275 20
2276 6
2277 19
2278 21
2279 11
2280 11
2281 21
2282 30
2283 12
2284 19
2285 15
2286 18
2287 21
2288 12
2289 14
2290 25
2291 24
2292 11
2293 28
2294 25
2295 20
2296 18
2297 14
2298 12
2299 13
2300 14
2301 12
2302 42
2303 17
2304 5
2305 13
2306 50
2307 8
2308 7
2309 11
2310 12
2311 8
2312 20
2313 16
2314 23
2315 16
2316 23
2317 4
2318 12
2319 7
2320 10
2321 23
2322 9
2323 17
2324 9
2325 12
2326 14
2327 12
2328 13
2329 16
2330 7
2331 5
2332 11
2333 20
2334 20
2335 37
2336 53
2337 41
2338 13
2339 20
2340 14
2341 12
2342 14
2343 34
2344 10
2345 17
2346 14
2347 18
2348 17
2349 10
2350 54
2351 38
2352 37
2353 18
2354 27
2355 32
2356 19
2357 22
2358 7
2359 21
2360 21
2361 13
2362 16
2363 5
2364 9
2365 24
2366 10
2367 26
2368 11
2369 35
2370 30
2371 15
2372 9
2373 29
2374 20
2375 14
2376 13
2377 32
2378 18
2379 8
2380 34
2381 7
2382 12
2383 5
2384 17
2385 22
2386 5
2387 56
2388 44
2389 41
2390 14
2391 88
2392 85
2393 74
2394 63
2395 45
2396 73
2397 50
2398 37
2399 65
2400 37
2401 60
2402 65
2403 56
2404 45
2405 30
2406 14
2407 35
2408 11
2409 10
2410 9
2411 12
2412 9
2413 10
2414 19
2415 17
2416 14
2417 17
2418 21
2419 17
2420 7
2421 19
2422 28
2423 12
2424 43
2425 11
2426 20
2427 9
2428 19
2429 16
2430 18
2431 19
2432 19
2433 16
2434 17
2435 7
2436 7
2437 7
2438 21
2439 31
2440 13
2441 6
2442 24
2443 60
2444 5
2445 14
2446 17
2447 13
2448 26
2449 27
2450 18
2451 3
2452 14
2453 22
2454 19
2455 10
2456 17
2457 11
2458 18
2459 20
2460 13
2461 6
2462 12
2463 12
2464 17
2465 7
2466 5
2467 14
2468 24
2469 27
2470 7
2471 5
2472 11
2473 16
2474 12
2475 59
2476 24
2477 18
2478 29
2479 13
2480 16
2481 29
2482 41
2483 28
2484 10
2485 21
2486 36
2487 19
2488 25
2489 3
2490 12
2491 21
2492 9
2493 37
2494 31
2495 37
2496 13
2497 18
2498 18
2499 12
2500 24
2501 15
2502 33
2503 8
2504 12
2505 13
2506 7
2507 15
2508 5
2509 4
2510 5
2511 20
2512 47
2513 19
2514 22
2515 11
2516 18
2517 13
2518 18
2519 18
2520 25
2521 19
2522 26
2523 20
2524 14
2525 7
2526 21
2527 17
2528 14
2529 9
2530 33
2531 19
2532 31
2533 17
2534 20
2535 20
2536 53
2537 7
2538 16
2539 21
2540 2
2541 41
2542 13
2543 13
2544 9
2545 23
2546 17
2547 8
2548 24
2549 11
2550 18
2551 50
2552 19
2553 16
2554 10
2555 11
2556 9
2557 51
2558 20
2559 28
2560 10
2561 18
2562 9
2563 14
2564 30
2565 12
2566 18
2567 10
2568 21
2569 31
2570 14
2571 18
2572 27
2573 30
2574 13
2575 12
2576 11
2577 24
2578 25
2579 48
2580 19
2581 8
2582 9
2583 10
2584 7
2585 16
2586 19
2587 13
2588 26
2589 12
2590 20
2591 44
2592 31
2593 29
2594 5
2595 6
2596 21
2597 12
2598 18
2599 25
2600 11
2601 11
2602 7
2603 18
2604 21
2605 8
2606 44
2607 10
2608 34
2609 14
2610 10
2611 46
2612 17
2613 6
2614 16
2615 20
2616 19
2617 19
2618 11
2619 16
2620 15
2621 4
2622 16
2623 21
2624 15
2625 33
2626 14
2627 20
2628 6
2629 26
2630 7
2631 7
2632 23
2633 15
2634 12
2635 25
2636 26
2637 11
2638 9
2639 30
2640 11
2641 17
2642 10
2643 23
2644 8
2645 17
2646 20
2647 25
2648 15
2649 37
2650 13
2651 9
2652 12
2653 29
2654 11
2655 31
2656 23
2657 14
2658 17
2659 6
2660 23
2661 10
2662 35
2663 20
2664 5
2665 17
2666 20
2667 13
2668 11
2669 29
2670 19
2671 14
2672 8
2673 5
2674 8
2675 10
2676 18
2677 25
2678 5
2679 12
2680 18
2681 29
2682 8
2683 30
2684 21
2685 17
2686 19
2687 20
2688 16
2689 26
2690 8
2691 15
2692 20
2693 11
2694 18
2695 26
2696 27
2697 15
2698 7
2699 23
2700 4
2701 11
2702 24
2703 6
2704 23
2705 13
2706 17
2707 16
2708 34
2709 14
2710 19
2711 50
2712 13
2713 8
2714 13
2715 9
2716 9
2717 11
2718 5
2719 6
2720 23
2721 7
2722 18
2723 33
2724 9
2725 13
2726 14
2727 17
2728 16
2729 16
2730 13
2731 28
2732 30
2733 22
2734 19
2735 21
2736 10
2737 23
2738 11
2739 8
2740 7
2741 7
2742 12
2743 12
2744 19
2745 20
2746 15
2747 16
2748 11
2749 11
2750 28
2751 17
2752 39
2753 24
2754 36
2755 27
2756 12
2757 8
2758 13
2759 7
2760 19
2761 16
2762 39
2763 9
2764 16
2765 27
2766 18
2767 26
2768 18
2769 8
2770 4
2771 11
2772 4
2773 18
2774 14
2775 10
2776 24
2777 19
2778 23
2779 17
2780 16
2781 6
2782 17
2783 19
2784 16
2785 7
2786 8
2787 25
2788 10
2789 28
2790 32
2791 24
2792 7
2793 16
2794 20
2795 25
2796 13
2797 14
2798 30
2799 29
2800 8
2801 5
2802 12
2803 31
2804 29
2805 23
2806 5
2807 8
2808 32
2809 26
2810 17
2811 8
2812 6
2813 8
2814 7
2815 14
2816 4
2817 10
2818 5
2819 5
2820 10
2821 29
2822 16
2823 16
2824 7
2825 10
2826 18
2827 9
2828 6
2829 4
2830 5
2831 31
2832 17
2833 22
2834 37
2835 29
2836 15
2837 11
2838 12
2839 12
2840 11
2841 35
2842 9
2843 12
2844 26
2845 7
2846 4
2847 21
2848 11
2849 27
2850 22
2851 20
2852 11
2853 14
2854 17
2855 8
2856 14
2857 27
2858 30
2859 26
2860 17
2861 5
2862 16
2863 5
2864 18
2865 8
2866 9
2867 13
2868 10
2869 15
2870 15
2871 19
2872 13
2873 68
2874 72
2875 3
2876 5
2877 13
2878 10
2879 14
2880 15
2881 18
2882 11
2883 12
2884 10
2885 6
2886 10
2887 5
2888 21
2889 7
2890 10
2891 8
2892 7
2893 7
2894 23
2895 28
2896 22
2897 19
2898 19
2899 17
2900 19
2901 4
2902 21
2903 18
2904 9
2905 14
2906 22
2907 12
2908 17
2909 19
2910 44
2911 10
2912 15
2913 27
2914 27
2915 34
2916 19
2917 9
2918 6
2919 15
2920 4
2921 11
2922 12
2923 8
2924 11
2925 5
2926 10
2927 5
2928 15
2929 6
2930 6
2931 5
2932 9
2933 6
2934 5
2935 15
2936 15
2937 12
2938 14
2939 28
2940 10
2941 29
2942 12
2943 8
2944 24
2945 22
2946 14
2947 16
2948 10
2949 14
2950 19
2951 7
2952 13
2953 16
2954 19
2955 10
2956 8
2957 28
2958 12
2959 26
2960 17
2961 17
2962 10
2963 10
2964 5
2965 9
2966 12
2967 19
2968 34
2969 14
2970 14
2971 7
2972 8
2973 13
2974 13
2975 21
2976 27
2977 24
2978 34
2979 14
2980 40
2981 16
2982 8
2983 16
2984 7
2985 15
2986 13
2987 15
2988 23
2989 18
2990 12
2991 30
2992 7
2993 32
2994 34
2995 8
2996 16
2997 40
2998 33
2999 30
3000 22
3001 37
3002 26
3003 14
3004 16
3005 24
3006 17
3007 24
3008 21
3009 13
3010 19
3011 33
3012 20
3013 23
3014 8
3015 4
3016 38
3017 5
3018 35
3019 22
3020 20
3021 22
3022 6
3023 44
3024 38
3025 26
3026 16
3027 23
3028 8
3029 29
3030 12
3031 29
3032 31
3033 20
3034 30
3035 6
3036 10
3037 30
3038 17
3039 18
3040 12
3041 26
3042 33
3043 19
3044 9
3045 24
3046 16
3047 13
3048 45
3049 43
3050 7
3051 12
3052 34
3053 25
3054 11
3055 7
3056 11
3057 9
3058 15
3059 16
3060 24
3061 13
3062 6
3063 9
3064 13
3065 6
3066 21
3067 5
3068 40
3069 4
3070 10
3071 10
3072 43
3073 32
3074 16
3075 16
3076 8
3077 11
3078 6
3079 11
3080 5
3081 4
3082 4
3083 19
3084 22
3085 13
3086 46
3087 40
3088 29
3089 28
3090 12
3091 19
3092 7
3093 21
3094 51
3095 39
3096 35
3097 29
3098 41
3099 20
3100 41
3101 13
3102 20
3103 19
3104 41
3105 22
3106 16
3107 36
3108 12
3109 10
3110 13
3111 5
3112 6
3113 4
3114 19
3115 28
3116 4
3117 39
3118 24
3119 31
3120 33
3121 6
3122 10
3123 16
3124 41
3125 20
3126 20
3127 18
3128 19
3129 36
3130 29
3131 12
3132 8
3133 13
3134 8
3135 9
3136 27
3137 23
3138 11
3139 8
3140 22
3141 12
3142 17
3143 32
3144 21
3145 14
3146 21
3147 33
3148 12
3149 12
3150 8
3151 22
3152 6
3153 31
3154 29
3155 10
3156 32
3157 35
3158 21
3159 15
3160 19
3161 19
3162 13
3163 13
3164 22
3165 7
3166 19
3167 17
3168 30
3169 12
3170 16
3171 25
3172 17
3173 14
3174 13
3175 20
3176 33
3177 24
3178 20
3179 17
3180 19
3181 22
3182 14
3183 6
3184 8
3185 5
3186 4
3187 8
3188 8
3189 17
3190 5
3191 4
3192 14
3193 11
3194 5
3195 4
3196 23
3197 6
3198 17
3199 19
3200 5
3201 17
3202 19
3203 13
3204 6
3205 10
3206 10
3207 5
3208 18
3209 15
3210 34
3211 28
3212 7
3213 8
3214 6
3215 11
3216 9
3217 31
3218 8
3219 24
3220 26
3221 29
3222 12
3223 20
3224 17
3225 15
3226 16
3227 8
3228 10
3229 9
3230 7
3231 20
3232 13
3233 16
3234 9
3235 17
3236 21
3237 17
3238 16
3239 24
3240 24
3241 5
3242 12
3243 20
3244 4
3245 13
3246 15
3247 23
3248 24
3249 32
3250 15
3251 31
3252 22
3253 35
3254 38
3255 13
3256 4
3257 5
3258 6
3259 9
3260 5
3261 10
3262 27
3263 27
3264 17
3265 6
3266 4
3267 27
3268 18
3269 23
3270 24
3271 8
3272 5
3273 13
3274 9
3275 10
3276 4
3277 15
3278 14
3279 15
3280 15
3281 5
3282 14
3283 8
3284 25
3285 44
3286 22
3287 18
3288 15
3289 8
3290 38
3291 12
3292 17
3293 39
3294 49
3295 10
3296 13
3297 15
3298 21
3299 25
3300 8
3301 10
3302 10
3303 29
3304 18
3305 41
3306 6
3307 11
3308 10
3309 18
3310 7
3311 9
3312 17
3313 33
3314 35
3315 24
3316 12
3317 20
3318 17
3319 36
3320 37
3321 24
3322 28
3323 9
3324 17
3325 14
3326 19
3327 6
3328 21
3329 17
3330 11
3331 21
3332 6
3333 19
3334 21
3335 30
3336 23
3337 19
3338 20
3339 33
3340 18
3341 22
3342 7
3343 5
3344 8
3345 11
3346 12
3347 21
3348 23
3349 9
3350 29
3351 24
3352 25
3353 14
3354 32
3355 27
3356 13
3357 22
3358 12
3359 34
3360 11
3361 31
3362 10
3363 14
3364 23
3365 35
3366 15
3367 15
3368 5
3369 9
3370 22
3371 18
3372 19
3373 11
3374 14
3375 26
3376 11
3377 11
3378 13
3379 19
3380 18
3381 18
3382 9
3383 9
3384 9
3385 10
3386 4
3387 17
3388 29
3389 18
3390 13
3391 23
3392 3
3393 5
3394 11
3395 5
3396 5
3397 19
3398 16
3399 13
3400 6
3401 11
3402 4
3403 4
3404 24
3405 7
3406 35
3407 5
3408 4
3409 38
3410 7
3411 10
3412 13
3413 52
3414 9
3415 16
3416 22
3417 6
3418 3
3419 12
3420 9
3421 16
3422 23
3423 27
3424 5
3425 19
3426 18
3427 31
3428 7
3429 25
3430 21
3431 12
3432 11
3433 11
3434 11
3435 3
3436 22
3437 14
3438 5
3439 17
3440 13
3441 10
3442 13
3443 22
3444 26
3445 21
3446 22
3447 7
3448 54
3449 11
3450 11
3451 4
3452 11
3453 3
3454 18
3455 6
3456 16
3457 9
3458 7
3459 6
3460 31
3461 8
3462 5
3463 9
3464 5
3465 6
3466 15
3467 8
3468 15
3469 22
3470 10
3471 11
3472 18
3473 7
3474 4
3475 20
3476 8
3477 9
3478 5
3479 4
3480 9
3481 10
3482 11
3483 9
3484 4
3485 5
3486 12
3487 18
3488 17
3489 42
3490 12
3491 32
3492 5
3493 5
3494 30
3495 18
3496 6
3497 5
3498 22
3499 6
3500 21
3501 10
3502 7
3503 14
3504 19
3505 11
3506 35
3507 26
3508 24
3509 11
3510 48
3511 31
3512 37
3513 42
3514 31
3515 36
3516 34
3517 25
3518 33
3519 26
3520 13
3521 18
3522 16
3523 14
3524 17
3525 10
3526 4
3527 27
3528 8
3529 17
3530 21
3531 12
3532 22
3533 19
3534 34
3535 20
3536 24
3537 12
3538 41
3539 22
3540 5
3541 23
3542 17
3543 15
3544 15
3545 34
3546 30
3547 15
3548 23
3549 16
3550 13
3551 19
3552 5
3553 8
3554 21
3555 9
3556 19
3557 18
3558 16
3559 5
3560 15
3561 17
3562 21
3563 18
3564 16
3565 29
3566 7
3567 10
3568 9
3569 11
3570 38
3571 17
3572 14
3573 16
3574 13
3575 25
3576 10
3577 6
3578 12
3579 10
3580 14
3581 17
3582 23
3583 20
3584 20
3585 16
3586 15
3587 15
3588 8
3589 6
3590 8
3591 7
3592 17
3593 13
3594 9
3595 22
3596 17
3597 20
3598 27
3599 32
3600 24
3601 11
3602 21
3603 16
3604 18
3605 7
3606 15
3607 14
3608 8
3609 11
3610 23
3611 6
3612 7
3613 4
3614 19
3615 26
3616 9
3617 7
3618 21
3619 13
3620 23
3621 14
3622 24
3623 8
3624 6
3625 30
3626 19
3627 12
3628 19
3629 5
3630 7
3631 14
3632 13
3633 8
3634 19
3635 11
3636 5
3637 5
3638 14
3639 15
3640 19
3641 22
3642 22
3643 43
3644 30
3645 12
3646 8
3647 34
3648 23
3649 15
3650 12
3651 11
3652 17
3653 11
3654 49
3655 17
3656 26
3657 22
3658 14
3659 25
3660 7
3661 13
3662 41
3663 7
3664 9
3665 18
3666 13
3667 4
3668 4
3669 23
3670 4
3671 6
3672 5
3673 11
3674 4
3675 4
3676 6
3677 7
3678 6
3679 8
3680 27
3681 6
3682 8
3683 9
3684 9
3685 9
3686 15
3687 8
3688 4
3689 6
3690 6
3691 7
3692 12
3693 30
3694 12
3695 35
3696 28
3697 7
3698 9
3699 9
3700 2
3701 13
3702 13
3703 29
3704 42
3705 5
3706 13
3707 24
3708 17
3709 19
3710 17
3711 31
3712 34
3713 28
3714 35
3715 16
3716 11
3717 16
3718 24
3719 20
3720 16
3721 18
3722 12
3723 20
3724 5
3725 5
3726 20
3727 5
3728 11
3729 27
3730 28
3731 9
3732 27
3733 11
3734 24
3735 9
3736 21
3737 14
3738 6
3739 13
3740 26
3741 5
3742 17
3743 16
3744 5
3745 7
3746 7
3747 18
3748 21
3749 25
3750 7
3751 8
3752 29
3753 3
3754 9
3755 24
3756 19
3757 25
3758 14
3759 6
3760 15
3761 10
3762 32
3763 15
3764 7
3765 11
3766 12
3767 16
3768 10
3769 7
3770 6
3771 8
3772 15
3773 12
3774 5
3775 5
3776 20
3777 15
3778 13
3779 14
3780 9
3781 17
3782 28
3783 17
3784 4
3785 17
3786 11
3787 42
3788 23
3789 20
3790 7
3791 8
3792 26
3793 7
3794 38
3795 40
3796 3
3797 5
3798 48
3799 28
3800 11
3801 23
3802 23
3803 22
3804 21
3805 20
3806 9
3807 3
3808 7
3809 47
3810 14
3811 19
3812 11
3813 6
3814 5
3815 5
3816 6
3817 6
3818 16
3819 12
3820 15
3821 18
3822 25
3823 16
3824 11
3825 15
3826 11
3827 20
3828 16
3829 16
3830 14
3831 10
3832 8
3833 10
3834 23
3835 22
3836 7
3837 14
3838 14
3839 10
3840 57
3841 18
3842 28
3843 9
3844 17
3845 25
3846 31
3847 39
3848 34
3849 23
3850 32
3851 26
3852 14
3853 18
3854 24
3855 6
3856 7
3857 5
3858 11
3859 29
3860 6
3861 25
3862 6
3863 11
3864 7
3865 7
3866 16
3867 18
3868 29
3869 7
3870 9
3871 13
3872 20
3873 6
3874 6
3875 45
3876 45
3877 24
3878 5
3879 16
3880 6
3881 22
3882 11
3883 3
3884 2
3885 4
3886 5
3887 25
3888 7
3889 13
3890 7
3891 11
3892 14
3893 8
3894 26
3895 10
3896 13
3897 25
3898 22
3899 21
3900 24
3901 12
3902 14
3903 19
3904 18
3905 10
3906 21
3907 12
3908 11
3909 5
3910 6
3911 19
3912 12
3913 15
3914 34
3915 25
3916 15
3917 8
3918 14
3919 17
3920 13
3921 10
3922 12
3923 28
3924 16
3925 5
3926 22
3927 26
3928 81
3929 7
3930 19
3931 4
3932 7
3933 7
3934 9
3935 6
3936 11
3937 10
3938 14
3939 18
3940 6
3941 7
3942 18
3943 22
3944 19
3945 12
3946 16
3947 12
3948 16
3949 15
3950 18
3951 72
3952 38
3953 11
3954 54
3955 25
3956 18
3957 40
3958 8
3959 8
3960 16
3961 29
3962 5
3963 46
3964 32
3965 21
3966 13
3967 12
3968 6
3969 13
3970 21
3971 13
3972 4
3973 24
3974 18
3975 15
3976 8
3977 3
3978 4
3979 18
3980 17
3981 12
3982 8
3983 6
3984 15
3985 14
3986 15
3987 9
3988 18
3989 10
3990 13
3991 19
3992 37
3993 24
3994 17
3995 11
3996 4
3997 13
3998 15
3999 32
4000 12
4001 13
4002 19
4003 9
4004 18
4005 11
4006 11
4007 19
4008 19
4009 31
4010 13
4011 10
4012 5
4013 5
4014 13
4015 9
4016 8
4017 5
4018 8
4019 13
4020 11
4021 10
4022 6
4023 10
4024 21
4025 5
4026 19
4027 8
4028 18
4029 14
4030 6
4031 12
4032 9
4033 7
4034 11
4035 5
4036 13
4037 5
4038 16
4039 12
4040 9
4041 15
4042 11
4043 28
4044 16
4045 37
4046 13
4047 14
4048 6
4049 14
4050 10
4051 7
4052 6
4053 20
4054 18
4055 24
4056 4
4057 5
4058 5
4059 17
4060 6
4061 13
4062 4
4063 13
4064 14
4065 6
4066 6
4067 8
4068 5
4069 8
4070 13
4071 8
4072 17
4073 16
4074 12
4075 13
4076 11
4077 8
4078 28
4079 20
4080 13
4081 7
4082 10
4083 16
4084 14
4085 8
4086 7
4087 12
4088 13
4089 22
4090 38
4091 13
4092 9
4093 22
4094 14
4095 9
4096 10
4097 6
4098 5
4099 17
4100 14
4101 14
4102 7
4103 8
4104 10
4105 19
4106 11
4107 15
4108 4
4109 20
4110 9
4111 36
4112 16
4113 11
4114 12
4115 19
4116 10
4117 13
4118 24
4119 12
4120 21
4121 25
4122 8
4123 21
4124 13
4125 12
4126 23
4127 18
4128 17
4129 11
4130 13
4131 23
4132 6
4133 23
4134 9
4135 14
4136 22
4137 16
4138 27
4139 32
4140 7
4141 19
4142 22
4143 19
4144 25
4145 20
4146 21
4147 21
4148 21
4149 37
4150 39
4151 21
4152 22
4153 27
4154 16
4155 21
4156 17
4157 15
4158 23
4159 10
4160 32
4161 5
4162 10
4163 12
4164 19
4165 5
4166 8
4167 21
4168 21
4169 5
4170 20
4171 18
4172 14
4173 5
4174 12
4175 18
4176 10
4177 5
4178 7
4179 19
4180 6
4181 24
4182 25
4183 5
4184 7
4185 8
4186 13
4187 13
4188 5
4189 11
4190 17
4191 8
4192 12
4193 19
4194 27
4195 15
4196 17
4197 41
4198 27
4199 13
4200 18
4201 24
4202 14
4203 8
4204 14
4205 26
4206 27
4207 14
4208 10
4209 28
4210 18
4211 19
4212 11
4213 7
4214 19
4215 51
4216 13
4217 8
4218 6
4219 30
4220 10
4221 26
4222 15
4223 11
4224 14
4225 11
4226 19
4227 15
4228 19
4229 18
4230 17
4231 29
4232 11
4233 16
4234 11
4235 7
4236 14
4237 21
4238 15
4239 15
4240 22
4241 17
4242 31
4243 30
4244 29
4245 27
4246 13
4247 11
4248 9
4249 25
4250 10
4251 21
4252 35
4253 36
4254 6
4255 23
4256 11
4257 26
4258 19
4259 7
4260 10
4261 15
4262 17
4263 11
4264 2
4265 25
4266 19
4267 8
4268 19
4269 14
4270 5
4271 21
4272 5
4273 14
4274 14
4275 18
4276 19
4277 23
4278 9
4279 40
4280 41
4281 16
4282 24
4283 7
4284 29
4285 20
4286 17
4287 10
4288 9
4289 12
4290 19
4291 14
4292 16
4293 12
4294 22
4295 25
4296 25
4297 20
4298 19
4299 13
4300 24
4301 5
4302 9
4303 19
4304 14
4305 15
4306 11
4307 7
4308 21
4309 8
4310 13
4311 8
4312 8
4313 10
4314 6
4315 17
4316 15
4317 16
4318 6
4319 4
4320 17
4321 25
4322 20
4323 26
4324 17
4325 19
4326 11
4327 14
4328 15
4329 21
4330 8
4331 22
4332 7
4333 24
4334 33
4335 9
4336 10
4337 17
4338 10
4339 11
4340 7
4341 8
4342 8
4343 11
4344 4
4345 5
4346 9
4347 15
4348 12
4349 27
4350 34
4351 20
4352 20
4353 7
4354 12
4355 19
4356 8
4357 21
4358 31
4359 14
4360 29
4361 23
4362 4
4363 14
4364 25
4365 18
4366 12
4367 10
4368 7
4369 6
4370 8
4371 13
4372 5
4373 8
4374 9
4375 5
4376 7
4377 3
4378 28
4379 12
4380 15
4381 15
4382 19
4383 22
4384 26
4385 4
4386 25
4387 12
4388 13
4389 9
4390 8
4391 12
4392 8
4393 21
4394 26
4395 9
4396 6
4397 6
4398 21
4399 4
4400 4
4401 4
4402 30
4403 10
4404 13
4405 28
4406 17
4407 3
4408 5
4409 10
4410 10
4411 35
4412 36
4413 7
4414 17
4415 7
4416 5
4417 15
4418 31
4419 5
4420 13
4421 17
4422 22
4423 8
4424 11
4425 9
4426 6
4427 20
4428 15
4429 14
4430 6
4431 18
4432 9
4433 6
4434 8
4435 30
4436 6
4437 11
4438 6
4439 9
4440 6
4441 26
4442 8
4443 11
4444 16
4445 6
4446 4
4447 25
4448 18
4449 32
4450 8
4451 6
4452 17
4453 18
4454 15
4455 10
4456 16
4457 6
4458 8
4459 4
4460 9
4461 9
4462 75
4463 23
4464 9
4465 29
4466 22
4467 9
4468 4
4469 10
4470 6
4471 23
4472 18
4473 20
4474 13
4475 27
4476 20
4477 12
4478 19
4479 14
4480 26
4481 5
4482 5
4483 15
4484 12
4485 25
4486 19
4487 4
4488 6
4489 6
4490 6
4491 26
4492 19
4493 35
4494 10
4495 22
4496 16
4497 25
4498 16
4499 18
4500 12
4501 12
4502 5
4503 14
4504 23
4505 9
4506 20
4507 25
4508 25
4509 23
4510 14
4511 8
4512 17
4513 31
4514 18
4515 5
4516 16
4517 7
4518 10
4519 24
4520 42
4521 25
4522 18
4523 14
4524 8
4525 20
4526 12
4527 24
4528 23
4529 9
4530 5
4531 14
4532 16
4533 5
4534 18
4535 26
4536 8
4537 5
4538 25
4539 15
4540 18
4541 19
4542 10
4543 17
4544 12
4545 10
4546 25
4547 36
4548 22
4549 12
4550 16
4551 25
4552 21
4553 3
4554 9
4555 23
4556 8
4557 25
4558 13
4559 2
4560 23
4561 8
4562 38
4563 11
4564 12
4565 5
4566 23
4567 23
4568 4
4569 9
4570 20
4571 15
4572 11
4573 10
4574 26
4575 9
4576 5
4577 21
4578 9
4579 15
4580 12
4581 12
4582 12
4583 13
4584 17
4585 22
4586 20
4587 21
4588 41
4589 11
4590 25
4591 14
4592 5
4593 22
4594 21
4595 11
4596 16
4597 10
4598 11
4599 7
4600 7
4601 21
4602 16
4603 8
4604 6
4605 16
4606 22
4607 9
4608 9
4609 19
4610 43
4611 22
4612 12
4613 6
4614 7
4615 30
4616 6
4617 11
4618 5
4619 33
4620 14
4621 11
4622 12
4623 28
4624 10
4625 8
4626 5
4627 9
4628 8
4629 14
4630 9
4631 15
4632 23
4633 19
4634 6
4635 20
4636 5
4637 15
4638 22
4639 30
4640 18
4641 17
4642 7
4643 20
4644 13
4645 28
4646 17
4647 11
4648 22
4649 3
4650 4
4651 23
4652 28
4653 14
4654 4
4655 19
4656 16
4657 6
4658 27
4659 16
4660 15
4661 11
4662 18
4663 32
4664 32
4665 10
4666 15
4667 11
4668 15
4669 3
4670 14
4671 6
4672 10
4673 30
4674 34
4675 19
4676 17
4677 15
4678 6
4679 9
4680 13
4681 5
4682 10
4683 12
4684 26
4685 6
4686 4
4687 4
4688 10
4689 6
4690 6
4691 12
4692 15
4693 26
4694 11
4695 16
4696 9
4697 14
4698 26
4699 20
4700 11
4701 8
4702 19
4703 9
4704 5
4705 8
4706 14
4707 9
4708 7
4709 8
4710 7
4711 19
4712 13
4713 11
4714 7
4715 12
4716 7
4717 19
4718 28
4719 15
4720 29
4721 14
4722 10
4723 9
4724 11
4725 20
4726 16
4727 10
4728 5
4729 6
4730 12
4731 14
4732 13
4733 11
4734 14
4735 11
4736 14
4737 16
4738 12
4739 19
4740 22
4741 4
4742 9
4743 15
4744 23
4745 5
4746 16
4747 18
4748 8
4749 8
4750 5
4751 6
4752 2
4753 22
4754 10
4755 5
4756 5
4757 12
4758 6
4759 4
4760 3
4761 8
4762 7
4763 21
4764 14
4765 8
4766 4
4767 21
4768 9
4769 23
4770 35
4771 13
4772 9
4773 16
4774 14
4775 22
4776 8
4777 9
4778 7
4779 13
4780 11
4781 19
4782 17
4783 11
4784 11
4785 10
4786 17
4787 16
4788 13
4789 11
4790 12
4791 13
4792 10
4793 8
4794 14
4795 5
4796 24
4797 24
4798 25
4799 25
4800 6
4801 17
4802 22
4803 8
4804 16
4805 17
4806 12
4807 13
4808 7
4809 14
4810 17
4811 3
4812 18
4813 5
4814 16
4815 20
4816 12
4817 7
4818 6
4819 8
4820 24
4821 8
4822 6
4823 9
4824 4
4825 8
4826 7
4827 6
4828 7
4829 4
4830 5
4831 9
4832 12
4833 16
4834 10
4835 4
4836 5
4837 16
4838 4
4839 10
4840 13
4841 4
4842 26
4843 13
4844 5
4845 21
4846 7
4847 20
4848 6
4849 8
4850 7
4851 13
4852 4
4853 13
4854 12
4855 3
4856 8
4857 17
4858 10
4859 12
4860 7
4861 4
4862 17
4863 8
4864 13
4865 11
4866 4
4867 5
4868 18
4869 7
4870 15
4871 8
4872 3
4873 13
4874 12
4875 9
4876 12
4877 28
4878 9
4879 7
4880 12
4881 4
4882 10
4883 25
4884 24
4885 9
4886 9
4887 13
4888 13
4889 6
4890 19
4891 11
4892 8
4893 13
4894 15
4895 11
4896 4
4897 6
4898 5
4899 8
4900 9
4901 9
4902 7
4903 6
4904 24
4905 5
4906 14
4907 6
4908 14
4909 12
4910 7
4911 13
4912 13
4913 9
4914 14
4915 5
4916 8
4917 11
4918 14
4919 17
4920 10
4921 4
4922 14
4923 13
4924 7
4925 13
4926 12
4927 7
4928 15
4929 15
4930 8
4931 3
4932 9
4933 12
4934 3
4935 6
4936 9
4937 9
4938 10
4939 11
4940 17
4941 11
4942 19
4943 12
4944 12
4945 20
4946 7
4947 5
4948 21
4949 7
4950 8
4951 7
4952 8
4953 10
4954 9
4955 8
4956 13
4957 14
4958 5
4959 15
4960 4
4961 11
4962 6
4963 23
4964 11
4965 16
4966 10
4967 6
4968 6
4969 8
4970 7
4971 5
4972 19
4973 10
4974 4
4975 11
4976 13
4977 10
4978 15
4979 11
4980 23
4981 13
4982 8
4983 5
4984 13
4985 5
4986 7
4987 17
4988 4
4989 9
4990 15
4991 5
4992 22
4993 14
4994 9
4995 4
4996 5
4997 5
4998 10
4999 13
5000 7
5001 4
5002 43
5003 28
5004 15
5005 4
5006 22
5007 9
5008 12
5009 5
5010 7
5011 5
5012 16
5013 9
5014 5
5015 14
5016 10
5017 17
5018 19
5019 7
5020 14
5021 14
5022 11
5023 10
5024 7
5025 5
5026 4
5027 10
5028 5
5029 10
5030 6
5031 6
5032 2
5033 12
5034 8
5035 10
5036 11
5037 6
5038 8
5039 7
5040 14
5041 16
5042 5
5043 8
5044 4
5045 26
5046 27
5047 26
5048 20
5049 15
5050 14
5051 21
5052 25
5053 22
5054 5
5055 7
5056 19
5057 12
5058 13
5059 5
5060 6
5061 8
5062 9
5063 6
5064 9
5065 49
5066 9
5067 4
5068 7
5069 7
5070 8
5071 9
5072 25
5073 19
5074 5
5075 3
5076 5
5077 9
5078 9
5079 5
5080 6
5081 6
5082 13
5083 3
5084 5
5085 17
5086 4
5087 6
5088 12
5089 6
5090 17
5091 9
5092 13
5093 6
5094 12
5095 11
5096 6
5097 11
5098 8
5099 13
5100 4
5101 11
5102 7
5103 6
5104 7
5105 7
5106 8
5107 2
5108 8
5109 7
5110 5
5111 16
5112 4
5113 11
5114 7
5115 9
5116 6
5117 8
5118 15
5119 13
5120 7
5121 9
5122 3
5123 7
5124 10
5125 12
5126 6
5127 6
5128 6
5129 11
5130 12
5131 8
5132 4
5133 15
5134 5
5135 15
5136 5
5137 7
5138 6
5139 5
5140 5
5141 6
5142 8
5143 5
5144 16
5145 4
5146 4
5147 8
5148 9
5149 4
5150 16
5151 5
5152 5
5153 7
5154 4
5155 6
5156 3
5157 6
5158 4
5159 5
5160 7
5161 4
5162 8
5163 4
5164 3
5165 6
5166 17
5167 5
5168 5
5169 6
5170 9
5171 17
5172 5
5173 5
5174 5
5175 5
5176 5
5177 6
5178 5
5179 13
5180 6
5181 5
5182 8
5183 6
5184 15
5185 5
5186 6
5187 4
5188 8
5189 7
5190 5
5191 6
5192 18
5193 65
5194 56
5195 63
5196 69
5197 67
5198 67
5199 63
