0 6
1 6
2 11
3 102
4 7
5 8
6 32
7 13
8 16
9 10
10 17
11 4
12 6
13 48
14 18
15 3
16 13
17 30
18 4
19 65
20 56
21 17
22 18
23 20
24 11
25 44
26 11
27 3
28 18
29 24
30 3
31 9
32 77
33 26
34 12
35 27
36 6
37 6
38 6
39 3
40 4
41 31
42 44
43 24
44 3
45 12
46 3
47 6
48 4
49 7
50 3
51 4
52 30
53 28
54 14
55 4
56 4
57 10
58 8
59 7
60 43
61 2
62 6
63 19
64 6
65 9
66 2
67 3
68 13
69 4
70 9
71 3
72 20
73 5
74 2
75 1
76 10
77 25
78 3
79 10
80 49
81 12
82 30
83 9
84 100
85 42
86 29
87 11
88 4
89 8
90 4
91 3
92 5
93 5
94 29
95 4
96 12
97 11
98 6
99 28
100 6
101 50
102 111
103 5
104 7
105 5
106 10
107 29
108 41
109 33
110 7
111 7
112 10
114 15
115 12
116 5
117 5
118 8
119 86
120 7
121 14
122 20
123 21
124 16
125 13
126 14
127 8
128 6
129 4
130 1
131 3
132 14
133 5
134 23
135 65
136 11
137 4
138 55
139 38
140 23
141 2
142 5
143 6
144 35
145 57
146 37
147 142
148 13
149 4
150 77
151 13
152 8
153 4
154 4
155 21
156 5
157 12
158 128
160 89
161 14
162 77
163 51
164 2
165 4
166 25
167 42
168 8
169 10
170 13
171 24
172 13
173 9
174 7
175 11
176 12
177 33
178 8
179 19
180 18
181 5
182 27
183 14
184 4
185 6
186 33
187 28
188 10
189 3
190 6
191 4
192 11
193 10
194 3
195 11
196 18
197 32
198 25
199 10
200 9
201 34
202 17
203 81
204 38
205 8
206 9
207 8
208 8
209 5
210 5
211 35
212 2
213 4
214 1
215 131
216 15
217 4
218 4
219 8
220 1
221 24
222 8
223 19
224 55
225 8
226 47
227 7
228 18
229 23
230 19
231 5
232 4
233 11
234 111
235 4
236 17
237 3
238 42
239 8
240 8
241 18
242 256
243 62
244 46
245 37
246 34
247 32
248 2
249 4
250 2
251 85
252 9
253 46
254 13
255 186
256 1
257 11
258 8
259 5
260 4
261 3
262 4
263 29
264 16
265 5
266 18
267 11
268 20
269 7
270 22
271 1
272 10
273 25
274 16
275 140
276 44
277 8
278 143
279 14
280 15
281 23
282 204
283 9
284 17
285 4
286 62
287 17
288 129
289 15
290 3
291 8
292 5
293 15
294 4
295 97
296 11
297 4
298 12
299 5
300 50
301 11
302 11
303 139
304 12
305 6
306 47
307 3
308 22
309 5
310 7
311 19
312 2
313 2
314 36
315 3
316 22
317 42
318 8
319 82
320 6
321 19
322 41
323 59
324 6
325 67
326 23
327 15
328 40
329 8
330 19
331 2
332 3
333 3
334 10
335 2
336 8
337 3
338 11
339 4
340 3
341 4
342 15
343 3
344 8
345 10
346 8
347 7
348 2
349 4
350 32
351 2
352 1
353 4
354 1
355 4
356 3
357 12
358 71
359 1
360 85
361 8
362 8
363 4
364 2
365 12
366 5
367 14
368 147
369 41
370 6
371 34
372 10
373 33
374 8
375 90
376 17
377 42
378 12
379 4
380 9
381 5
382 38
383 5
384 1
385 4
386 15
387 17
388 12
389 7
390 10
391 4
392 15
393 6
394 20
395 5
396 16
397 61
398 38
399 1
400 29
401 14
402 16
403 6
404 1
405 19
406 23
407 5
408 7
409 12
410 1
411 4
412 4
413 11
414 6
415 15
416 23
417 18
418 31
419 18
420 25
421 32
422 35
423 25
424 11
425 7
426 3
427 8
428 5
429 5
430 11
431 12
432 54
433 14
434 9
435 4
436 3
437 3
438 9
439 14
440 5
441 32
442 5
443 93
444 5
445 22
446 8
447 7
448 9
449 2
450 15
451 16
452 11
453 17
454 4
455 27
456 8
457 13
459 22
460 31
461 30
462 18
463 13
464 16
465 16
466 20
467 27
468 18
469 45
470 19
471 30
472 4
473 96
474 6
475 1
476 22
477 3
479 70
480 12
481 3
482 1
483 10
484 5
485 115
486 23
487 3
488 4
489 5
490 29
491 39
492 34
493 47
494 4
495 33
496 4
497 35
498 6
499 1
500 5
501 6
502 4
503 4
504 15
505 10
506 7
507 25
508 5
509 8
510 8
511 79
512 6
513 6
514 12
515 3
516 5
517 1
518 24
519 22
520 4
521 2
522 1
523 6
524 7
525 10
526 6
527 108
528 25
529 13
530 4
531 23
532 9
533 6
534 2
535 25
536 18
537 1
538 62
539 10
540 34
541 16
542 5
543 7
544 6
545 3
546 4
547 6
548 8
549 5
550 1
551 5
552 8
553 10
554 7
555 38
556 17
557 24
558 6
559 302
560 6
561 4
562 3
563 27
564 37
565 21
566 9
567 33
568 9
569 4
570 3
571 5
572 6
573 13
574 2
575 19
576 4
577 3
578 4
579 20
580 4
581 1
582 5
583 4
584 5
585 3
586 12
587 5
588 5
589 39
590 4
591 4
592 16
593 3
594 11
595 2
596 27
597 6
598 32
599 5
600 4
601 10
602 4
603 6
604 3
605 3
606 5
607 4
608 18
609 4
610 3
611 33
612 32
613 8
614 38
615 6
616 5
617 4
618 13
619 4
620 3
621 34
622 3
623 6
624 3
625 77
626 1
627 29
628 23
629 3
630 7
631 3
632 30
633 4
634 6
635 11
636 3
637 2
638 5
639 9
640 5
641 3
642 13
643 1
644 71
645 8
646 4
647 4
648 7
649 7
650 2
651 4
652 2
653 1
654 15
655 38
656 9
657 21
658 3
659 13
660 11
661 4
662 5
663 13
664 30
665 5
666 7
667 2
668 13
669 1
670 3
671 30
672 5
673 4
674 36
675 3
676 10
677 28
678 1
679 5
680 5
681 35
682 4
683 28
684 16
685 12
686 4
687 8
688 5
689 4
690 2
691 4
692 8
693 15
694 6
695 4
696 25
697 18
698 17
699 16
700 10
701 4
702 6
703 11
704 23
705 4
706 29
707 5
708 27
709 15
710 10
711 7
712 47
713 5
714 2
715 27
716 12
717 120
718 11
719 33
720 5
721 4
722 4
723 6
724 5
725 6
726 8
727 3
728 4
729 12
730 5
731 27
732 3
733 15
734 4
735 35
736 4
737 83
738 13
739 24
740 1
741 4
742 4
743 10
744 5
745 3
746 7
747 1
748 74
749 2
750 5
751 1
752 2
753 37
754 8
755 3
756 11
757 3
758 3
759 14
760 11
761 1
762 15
763 2
764 2
765 2
766 4
767 47
768 15
769 4
770 5
771 9
772 12
773 22
774 46
775 10
776 5
777 37
778 23
779 1
780 46
781 9
782 3
783 6
784 5
785 23
786 32
787 12
788 3
789 3
790 3
791 5
792 4
793 3
794 22
795 2
796 4
797 3
798 3
799 4
800 10
801 12
802 3
803 3
804 4
805 4
806 2
807 6
808 11
809 4
810 17
811 7
812 3
813 3
814 3
815 2
816 6
817 1
818 23
819 10
820 15
821 32
822 11
823 5
824 18
825 4
826 7
827 10
828 8
829 2
830 3
831 9
832 8
833 3
834 8
835 3
836 21
837 11
838 3
839 2
840 8
841 27
842 2
843 10
844 43
845 11
846 2
847 9
848 2
849 4
850 3
851 12
852 26
853 3
854 2
855 19
856 4
857 44
858 16
859 4
860 3
861 5
862 7
863 1
864 14
865 48
866 9
867 1
868 11
869 5
870 6
871 2
872 3
873 36
874 3
875 3
876 4
877 6
878 6
879 1
880 6
881 3
882 8
883 5
884 3
885 9
886 10
887 2
888 8
889 9
890 3
891 3
892 3
893 8
894 4
895 1
896 9
897 7
898 2
899 12
900 16
901 1
902 1
903 6
904 4
905 7
906 29
907 11
908 3
909 32
910 2
911 7
912 19
913 2
914 27
915 15
916 72
917 3
918 24
919 14
920 13
921 2
922 3
923 2
924 6
925 4
926 96
927 4
928 4
929 6
930 2
931 3
932 3
933 3
934 4
935 5
936 3
937 5
938 7
939 15
940 29
941 13
942 22
943 2
944 2
945 4
946 5
947 20
948 4
949 5
950 4
951 16
952 35
953 14
954 6
955 1
957 13
958 5
959 5
960 4
961 7
962 6
963 8
964 6
965 3
966 3
967 4
968 2
969 4
970 5
971 23
972 5
973 11
974 4
975 16
976 1
977 4
978 3
979 5
980 6
981 7
982 15
983 8
984 14
985 7
986 4
987 1
988 9
989 2
990 1
991 7
992 6
993 4
994 3
995 19
996 5
997 1
998 17
999 8
1000 31
1001 5
1002 8
1003 3
1004 9
1005 6
1006 7
1007 12
1008 14
1009 5
1010 5
1011 3
1012 18
1013 4
1014 2
1015 19
1016 34
1017 63
1018 4
1019 7
1020 4
1021 9
1022 4
1023 27
1024 32
1025 25
1026 3
1027 36
1028 29
1029 6
1030 3
1031 8
1032 5
1033 71
1034 3
1035 4
1036 4
1037 2
1038 5
1039 10
1040 8
1041 3
1042 2
1043 23
1044 3
1045 1
1046 44
1047 15
1048 9
1049 37
1050 16
1051 5
1052 4
1053 28
1054 5
1055 14
1056 5
1057 5
1058 2
1059 12
1060 3
1061 74
1062 5
1063 3
1064 3
1065 5
1066 3
1067 12
1068 6
1069 22
1070 57
1071 40
1072 3
1073 13
1074 2
1075 42
1076 126
1077 10
1078 6
1079 17
1080 37
1081 29
1082 15
1083 7
1084 2
1085 4
1086 3
1087 7
1088 2
1089 7
1090 3
1091 2
1092 81
1093 19
1094 116
1095 3
1096 2
1097 4
1098 4
1099 1
1100 4
1101 10
1102 8
1103 27
1104 3
1105 2
1106 19
1107 5
1108 88
1109 24
1110 8
1111 5
1112 1
1113 8
1114 3
1115 3
1116 5
1117 5
1118 4
1119 20
1120 20
1121 24
1122 9
1123 2
1124 2
1125 6
1126 2
1127 14
1128 10
1129 6
1130 51
1131 15
1132 4
1133 30
1134 22
1135 8
1136 2
1138 6
1139 27
1140 5
1141 3
1142 5
1143 5
1144 34
1145 18
1146 4
1147 7
1148 6
1149 5
1150 8
1151 18
1152 13
1153 7
1154 9
1155 3
1156 1
1157 10
1158 22
1159 5
1160 1
1161 61
1162 11
1163 26
1164 3
1165 7
1166 38
1167 3
1168 6
1169 4
1170 3
1171 5
1172 6
1173 3
1174 23
1175 24
1176 2
1177 13
1178 149
1179 75
1180 3
1181 1
1182 28
1183 7
1184 2
1185 7
1186 2
1187 4
1188 5
1189 3
1190 28
1191 5
1192 15
1193 11
1194 1
1195 23
1196 7
1197 1
1198 54
1199 7
1200 26
1201 14
1202 10
1203 70
1204 18
1205 31
1206 4
1207 1
1208 10
1209 25
1210 7
1211 91
1212 7
1213 6
1214 13
1215 3
1216 5
1217 9
1219 7
1220 4
1221 9
1222 49
1223 6
1224 11
1225 2
1226 14
1227 23
1228 3
1229 6
1230 25
1231 3
1232 17
1233 7
1234 3
1235 3
1236 4
1237 9
1238 4
1239 3
1240 17
1241 2
1242 4
1243 4
1244 3
1245 7
1246 12
1247 4
1248 5
1249 9
1250 10
1251 2
1252 29
1253 2
1254 6
1255 4
1256 6
1257 6
1258 2
1259 4
1260 3
1261 8
1262 3
1263 4
1264 8
1265 4
1266 2
1267 11
1268 10
1269 4
1270 6
1271 19
1272 3
1273 4
1274 7
1275 12
1276 3
1277 3
1278 1
1279 2
1280 22
1281 27
1282 15
1283 3
1284 4
1285 10
1286 23
1287 8
1288 3
1289 1
1290 5
1291 49
1292 28
1293 4
1294 17
1295 5
1296 6
1297 1
1298 5
1299 7
1300 7
1301 3
1302 2
1303 5
1304 9
1305 2
1306 5
1307 7
1308 5
1309 6
1310 23
1311 3
1312 9
1313 10
1314 23
1315 1
1316 10
1317 2
1318 10
1319 1
1320 28
1321 70
1322 7
1323 4
1324 2
1325 9
1326 4
1327 10
1328 2
1329 9
1330 48
1331 4
1332 34
1333 4
1334 12
1335 6
1336 3
1337 6
1338 7
1339 35
1340 21
1341 8
1342 4
1343 4
1344 2
1345 3
1346 8
1347 1
1348 2
1349 3
1350 1
1351 5
1352 19
1353 8
1354 12
1355 2
1356 1
1357 2
1358 15
1359 5
1360 4
1361 3
1362 1
1363 2
1364 4
1365 2
1366 4
1367 4
1368 11
1369 10
1370 35
1371 5
1372 1
1373 63
1374 9
1375 3
1376 5
1377 6
1378 1
1379 1
1380 5
1381 7
1382 2
1383 2
1384 30
1385 4
1386 6
1387 17
1388 2
1389 22
1390 1
1391 5
1392 2
1393 5
1394 4
1395 2
1396 5
1397 1
1398 3
1399 1
1400 11
1401 9
1402 9
1403 7
1404 5
1405 2
1406 4
1407 1
1408 3
1409 5
1410 19
1411 7
1412 13
1413 6
1414 3
1415 11
1416 7
1417 11
1418 1
1419 2
1420 4
1421 5
1422 13
1423 2
1424 1
1425 5
1426 9
1427 6
1428 3
1429 1
1430 2
1431 21
1432 3
1433 6
1434 2
1435 5
1436 50
1437 20
1438 12
1439 3
1441 6
1442 6
1443 3
1444 8
1445 4
1446 3
1447 2
1448 28
1449 4
1450 5
1451 10
1452 10
1453 4
1454 2
1455 8
1456 3
1457 2
1458 15
1459 6
1460 1
1461 6
1462 4
1463 12
1465 3
1468 46
1469 3
1470 6
1471 28
1472 27
1473 16
1474 22
1475 14
1476 3
1477 51
1478 6
1479 48
1480 4
1481 31
1482 3
1483 10
1484 14
1485 68
1486 2
1487 4
1488 13
1489 11
1490 25
1491 4
1492 1
1493 2
1494 37
1495 2
1496 4
1497 3
1498 2
1500 14
1501 5
1502 36
1503 10
1504 4
1505 15
1506 3
1507 5
1508 21
1509 7
1510 40
1511 31
1512 21
1513 48
1514 50
1515 7
1516 35
1517 6
1518 13
1519 34
1520 54
1521 15
1522 8
1524 13
1525 4
1526 3
1527 18
1528 10
1529 34
1530 4
1531 24
1532 5
1533 5
1534 32
1535 4
1537 1
1538 25
1539 11
1540 2
1541 1
1543 5
1544 5
1545 14
1546 12
1547 4
1548 9
1549 2
1550 7
1551 8
1552 22
1553 3
1554 10
1555 4
1556 38
1557 9
1558 6
1559 4
1560 16
1561 19
1562 13
1563 27
1564 2
1565 5
1566 1
1567 1
1568 7
1569 5
1570 1
1571 3
1572 5
1573 3
1574 4
1575 4
1576 3
1577 3
1578 3
1579 3
1580 2
1581 2
1582 5
1583 2
1584 4
1585 3
1586 3
1587 4
1588 3
1589 8
1590 6
1591 3
1592 1
1593 5
1594 2
1595 14
1596 3
1597 11
1598 3
1599 5
1600 2
1601 57
1602 5
1603 2
1604 9
1605 1
1606 1
1607 2
1608 1
1609 3
1610 2
1611 3
1612 34
1613 13
1614 3
1615 4
1616 3
1617 4
1618 4
1619 2
1620 64
1621 3
1622 1
1623 1
1624 1
1625 4
1626 20
1627 9
1628 2
1629 2
1630 3
1631 5
1632 4
1633 6
1634 4
1635 9
1636 4
1637 22
1638 12
1639 3
1640 25
1641 11
1642 2
1643 7
1644 1
1645 1
1646 7
1647 3
1648 3
1649 3
1650 4
1651 4
1652 2
1653 1
1654 11
1655 9
1656 5
1657 19
1658 3
1659 3
1660 4
1661 4
1662 17
1663 41
1664 2
1665 5
1666 2
1668 10
1669 1
1670 81
1671 2
1672 7
1673 2
1674 40
1675 5
1676 5
1677 3
1678 11
1679 2
1680 3
1681 7
1682 3
1683 4
1684 5
1685 2
1686 8
1687 2
1688 4
1689 2
1690 4
1691 8
1692 4
1693 11
1694 4
1695 7
1696 7
1697 5
1698 1
1699 4
1700 5
1701 3
1702 5
1703 4
1704 1
1705 8
1706 17
1707 2
1708 2
1709 14
1710 7
1711 9
1712 6
1713 3
1714 6
1715 8
1716 4
1717 4
1718 3
1719 2
1720 1
1721 14
1722 17
1723 12
1724 1
1725 4
1726 8
1727 5
1728 4
1729 2
1730 5
1731 2
1732 3
1734 88
1735 7
1736 3
1737 11
1738 3
1739 7
1740 5
1741 34
1742 4
1743 20
1744 15
1745 44
1746 31
1747 43
1748 87
1749 31
1750 2
1751 31
1752 3
1753 15
1754 3
1755 24
1756 5
1757 2
1758 6
1759 7
1760 16
1761 7
1762 14
1763 74
1764 1
1765 5
1766 2
1767 5
1768 2
1769 3
1770 4
1771 8
1772 6
1773 7
1774 5
1775 13
1776 10
1777 59
1778 1
1779 8
1780 10
1781 2
1782 4
1783 12
1784 28
1785 9
1786 24
1787 4
1788 16
1789 4
1790 5
1791 5
1792 1
1793 4
1794 2
1795 1
1796 1
1797 2
1798 2
1799 2
1800 2
1801 2
1802 3
1803 9
1804 14
1805 37
1806 4
1807 9
1808 7
1809 36
1810 4
1811 1
1812 23
1813 7
1814 19
1815 7
1816 3
1817 5
1818 4
1819 5
1820 10
1821 12
1822 10
1823 4
1824 4
1825 7
1826 23
1827 2
1828 109
1829 4
1830 5
1831 13
1832 3
1833 1
1834 5
1835 64
1836 8
1837 8
1838 15
1839 14
1840 3
1841 4
1842 10
1843 3
1844 82
1845 7
1846 4
1847 5
1848 16
1849 11
1850 3
1851 1
1852 5
1853 6
1854 4
1855 7
1856 3
1857 3
1858 6
1859 17
1860 4
1861 34
1862 2
1863 5
1864 8
1865 23
1866 7
1867 21
1868 21
1869 14
1870 66
1871 20
1872 2
1873 12
1874 5
1875 16
1876 4
1877 7
1878 3
1880 5
1881 3
1882 3
1883 21
1884 28
1885 5
1886 8
1887 4
1888 10
1889 3
1890 3
1891 6
1892 5
1893 5
1894 13
1895 4
1896 41
1897 1
1898 3
1899 3
1900 8
1901 2
1902 3
1903 13
1904 4
1905 12
1906 8
1907 2
1909 5
1910 5
1911 9
1912 22
1913 4
1914 4
1915 2
1916 85
1917 67
1918 72
1919 13
1920 6
1921 7
1922 5
1923 43
1924 31
1925 6
1926 37
1927 12
1928 4
1929 104
1930 19
1931 9
1932 5
1933 8
1934 5
1935 10
1936 4
1937 2
1938 12
1939 14
1940 5
1941 38
1942 4
1943 348
1944 93
1945 17
1946 5
1947 1
1948 19
1949 11
1950 74
1951 9
1952 7
1953 91
1954 11
1955 17
1957 18
1958 3
1959 2
1960 18
1961 6
1962 5
1963 3
1964 5
1965 6
1966 31
1967 63
1968 14
1969 7
1970 3
1971 7
1972 62
1973 34
1974 40
1975 2
1976 3
1977 2
1978 61
1979 2
1980 11
1981 5
1982 4
1983 4
1984 12
1985 8
1986 1
1987 4
1988 20
1989 5
1990 11
1991 4
1992 6
1993 2
1994 32
1995 6
1996 5
1997 1
1998 1
1999 2
2000 2
2001 4
2002 20
2003 5
2004 6
2005 1
2006 4
2007 5
2008 16
2009 4
2010 18
2011 24
2012 3
2013 5
2014 5
2015 5
2016 25
2017 3
2018 3
2019 4
2020 6
2021 12
2022 91
2023 2
2024 6
2025 77
2026 3
2027 4
2028 7
2029 1
2030 5
2031 8
2032 10
2033 18
2034 19
2035 5
2036 4
2037 19
2038 8
2039 3
2040 2
2041 5
2042 13
2043 7
2044 7
2045 46
2046 12
2047 6
2048 16
2049 11
2050 17
2051 4
2052 10
2053 5
2054 2
2055 19
2056 9
2057 11
2058 1
2059 8
2060 3
2061 5
2062 6
2063 3
2064 4
2065 3
2066 43
2067 3
2068 1
2069 7
2070 5
2071 6
2072 6
2073 2
2074 6
2075 5
2076 6
2077 4
2078 4
2079 5
2080 5
2081 8
2082 4
2083 9
2084 2
2085 15
2086 64
2087 7
2088 5
2089 10
2090 5
2091 2
2092 6
2093 2
2094 4
2095 3
2096 3
2097 55
2098 9
2099 5
2100 4
2101 13
2102 2
2103 2
2104 6
2105 3
2106 2
2107 1
2108 2
2109 23
2110 1
2111 5
2113 9
2114 23
2115 6
2116 3
2117 1
2118 14
2119 12
2120 1
2121 3
2122 9
2123 4
2124 19
2125 292
2126 142
2127 4
2128 7
2129 15
2130 1
2131 6
2132 26
2133 1
2134 1
2135 3
2136 7
2137 5
2138 5
2139 7
2140 11
2141 3
2142 7
2143 2
2144 4
2145 2
2146 4
2147 9
2148 9
2150 5
2151 7
2152 5
2153 59
2154 47
2155 10
2156 2
2157 2
2158 3
2159 7
2160 11
2161 28
2162 3
2163 63
2164 14
2165 14
2166 11
2167 4
2168 4
2169 17
2170 60
2171 32
2172 6
2173 9
2174 6
2175 5
2176 6
2177 49
2178 8
2179 21
2180 24
2181 12
2182 15
2183 25
2184 20
2185 4
2186 5
2187 5
2188 8
2189 5
2190 2
2191 12
2192 6
2193 2
2194 3
2195 1
2196 9
2197 1
2198 7
2199 3
2200 9
2201 4
2202 1
2203 11
2204 3
2206 5
2208 6
2209 1
2210 8
2211 5
2212 16
2213 6
2214 7
2215 29
2216 24
2217 25
2218 5
2219 6
2220 21
2221 2
2222 27
2223 2
2224 2
2225 47
2226 21
2227 48
2228 7
2229 5
2230 11
2231 11
2232 2
2233 16
2234 7
2235 6
2236 15
2237 17
2238 27
2239 27
2240 4
2241 12
2242 3
2243 44
2244 22
2245 29
2246 2
2247 1
2248 5
2249 2
2250 21
2251 3
2252 2
2253 7
2254 1
2255 8
2256 28
2257 13
2258 16
2259 24
2260 4
2261 8
2262 4
2263 2
2264 8
2265 13
2266 11
2267 19
2268 5
2269 2
2270 2
2271 16
2272 13
2273 10
2274 5
2275 6
2276 12
2277 6
2278 6
2279 3
2280 6
2281 2
2282 2
2283 6
2284 10
2285 7
2286 7
2287 16
2288 3
2289 3
2290 2
2291 4
2292 12
2293 15
2294 4
2295 19
2296 4
2297 9
2298 5
2299 6
2300 5
2301 3
2302 40
2303 5
2304 3
2305 1
2306 4
2307 21
2308 11
2309 2
2310 3
2311 29
2312 16
2313 17
2314 14
2315 8
2316 3
2317 3
2318 4
2319 15
2320 4
2321 4
2322 10
2323 2
2324 3
2325 2
2326 4
2327 4
2328 6
2329 11
2330 11
2331 2
2332 11
2333 3
2334 3
2335 7
2336 4
2337 1
2338 61
2339 17
2340 2
2341 52
2342 6
2343 2
2344 12
2345 1
2346 7
2347 30
2348 2
2349 17
2350 5
2351 5
2352 8
2353 1
2354 34
2355 5
2356 7
2357 18
2358 63
2359 16
2360 4
2361 4
2362 9
2363 10
2364 10
2365 79
2366 37
2367 23
2368 11
2369 9
2370 9
2371 21
2372 16
2373 2
2374 3
2375 3
2376 14
2377 7
2378 45
2380 7
2381 6
2382 3
2383 3
2384 2
2385 7
2386 2
2387 4
2388 19
2389 3
2390 12
2391 2
2392 9
2393 4
2394 79
2395 4
2396 11
2397 4
2398 35
2399 4
2400 4
2401 3
2402 21
2403 7
2404 3
2405 2
2406 3
2407 2
2408 15
2409 36
2410 6
2411 3
2412 71
2413 3
2414 14
2415 5
2416 12
2417 2
2418 4
2419 28
2420 27
2421 6
2422 2
2423 3
2424 3
2425 4
2426 2
2427 1
2428 12
2429 7
2430 3
2431 1
2432 8
2433 17
2434 4
2435 2
2436 4
2437 2
2438 15
2439 6
2440 18
2441 13
2442 17
2443 5
2444 14
2445 4
2446 2
2447 5
2448 28
2449 4
2450 6
2451 3
2452 5
2453 2
2454 1
2455 3
2456 6
2457 2
2458 5
2459 6
2460 2
2461 37
2462 3
2463 29
2464 3
2465 2
2466 5
2467 9
2468 2
2469 3
2470 10
2471 2
2472 8
2473 8
2474 2
2475 18
2476 8
2477 10
2478 6
2479 8
2480 1
2481 2
2482 7
2483 2
2484 4
2485 3
2486 9
2487 10
2488 18
2489 7
2490 9
2491 13
2492 6
2493 1
2494 7
2495 2
2496 12
2497 16
2498 3
2499 1
2500 1
2501 3
2503 9
2504 5
2505 15
2506 7
2507 7
2508 8
2509 2
2510 3
2511 6
2512 5
2513 2
2514 11
2515 4
2516 14
2517 11
2518 2
2519 14
2520 1
2521 8
2522 2
2523 10
2524 4
2525 5
2526 12
2527 11
2528 9
2529 4
2530 5
2531 10
2532 4
2533 1
2534 6
2535 4
2536 6
2537 7
2538 14
2539 3
2540 6
2541 2
2542 7
2543 27
2544 18
2545 3
2546 1
2547 8
2548 22
2549 3
2550 7
2551 8
2552 2
2553 5
2554 1
2555 1
2556 16
2557 2
2558 2
2559 3
2560 3
2561 25
2562 3
2563 4
2564 6
2565 1
2566 3
2567 3
2568 7
2569 2
2570 15
2571 6
2573 21
2574 1
2575 11
2576 3
2577 5
2578 2
2579 11
2580 7
2581 7
2582 6
2583 29
2584 8
2585 27
2586 6
2587 2
2588 10
2589 7
2590 2
2591 1
2592 4
2593 6
2594 6
2595 9
2596 7
2597 3
2598 11
2599 11
2600 3
2601 3
2602 5
2603 4
2604 5
2605 4
2606 19
2607 20
2608 22
2609 4
2610 17
2611 2
2612 17
2613 1
2614 1
2615 2
2616 4
2617 444
2618 75
2619 100
2620 2
2621 2
2622 7
2623 4
2624 4
2625 8
2626 2
2627 16
2628 14
2629 4
2630 11
2631 4
2632 38
2633 8
2634 7
2636 3
2637 46
2638 34
2639 2
2640 6
2641 22
2642 24
2644 38
2645 10
2646 10
2647 6
2648 6
2649 30
2650 9
2651 12
2652 6
2653 3
2654 4
2655 17
2656 16
2657 18
2658 22
2659 14
2660 5
2661 9
2662 6
2663 6
2664 6
2665 4
2666 6
2667 20
2668 10
2669 3
2670 3
2671 3
2672 8
2673 2
2674 9
2675 5
2676 1
2677 6
2678 8
2679 7
2680 5
2681 2
2682 1
2683 6
2684 3
2685 3
2686 9
2687 5
2688 6
2689 11
2690 4
2691 3
2692 16
2693 17
2694 24
2695 10
2696 4
2697 1
2698 13
2699 2
2700 23
2701 7
2702 6
2703 10
2704 8
2705 4
2706 7
2707 2
2708 22
2709 2
2710 25
2711 2
2712 18
2713 4
2714 9
2715 6
2716 22
2717 5
2718 2
2719 9
2720 3
2721 20
2722 3
2723 4
2724 4
2725 13
2726 9
2727 7
2728 31
2729 2
2730 9
2731 1
2732 13
2733 5
2734 5
2735 3
2736 29
2737 2
2738 1
2739 2
2740 10
2741 6
2742 2
2743 1
2744 1
2745 2
2746 6
2747 3
2748 2
2749 6
2750 8
2751 4
2752 18
2753 2
2754 11
2755 2
2756 18
2757 6
2758 11
2759 3
2760 12
2761 8
2762 2
2763 1
2764 5
2765 4
2766 4
2767 9
2768 3
2769 2
2770 4
2771 15
2772 24
2773 5
2774 25
2775 2
2776 7
2777 9
2778 8
2779 2
2781 28
2782 3
2783 4
2784 1
2785 39
2786 8
2787 7
2788 7
2789 5
2790 1
2791 2
2792 6
2793 4
2794 7
2795 9
2796 2
2797 3
2798 2
2799 5
2800 24
2801 42
2802 3
2803 9
2804 2
2805 3
2806 2
2807 2
2808 8
2809 30
2810 11
2811 4
2812 9
2813 1
2814 7
2815 10
2816 3
2817 2
2818 1
2819 7
2820 3
2821 15
2822 2
2823 5
2824 5
2825 5
2826 4
2827 2
2828 4
2829 13
2830 3
2831 4
2832 1
2833 10
2834 5
2835 7
2836 3
2837 13
2838 1
2839 6
2840 1
2841 4
2842 5
2843 1
2844 2
2846 4
2847 5
2848 3
2849 3
2850 9
2851 5
2852 4
2853 8
2854 4
2855 3
2856 18
2857 19
2858 10
2859 3
2860 3
2861 6
2862 6
2863 4
2864 10
2865 14
2866 11
2867 5
2869 9
2870 7
2871 4
2872 2
2873 5
2874 2
2875 1
2876 4
2877 5
2878 32
2879 20
2880 10
2881 2
2882 16
2883 13
2884 1
2885 2
2886 8
2887 2
2888 7
2889 13
2890 6
2892 7
2893 2
2894 9
2895 4
2896 1
2897 2
2898 12
2899 2
2900 2
2901 18
2902 2
2903 5
2904 2
2905 6
2906 6
2907 3
2908 2
2909 9
2910 22
2911 9
2912 6
2913 5
2914 9
2915 7
2916 35
2917 7
2918 7
2919 3
2920 2
2921 2
2922 2
2923 2
2924 6
2925 2
2926 5
2927 7
2928 2
2929 5
2930 6
2931 4
2932 5
2933 3
2934 5
2935 2
2936 9
2937 3
2938 3
2939 2
2940 7
2941 2
2943 4
2944 9
2945 5
2946 3
2947 3
2948 2
2949 3
2950 2
2951 4
2952 1
2953 8
2954 1
2955 4
2956 5
2957 1
2959 1
2960 4
2961 3
2962 4
2963 4
2964 2
2965 3
2966 9
2967 5
2968 3
2969 19
2970 3
2971 1
2972 1
2973 1
2974 3
2975 3
2976 3
2977 6
2978 1
2979 5
2980 6
2981 1
2982 4
2983 2
2984 2
2985 4
2986 5
2987 5
2988 3
2989 2
2990 1
2991 1
2992 46
2993 1
2994 8
2995 5
2996 10
2997 1
2998 5
2999 2
3000 9
3002 3
3003 7
3004 4
3005 5
3006 2
3007 15
3008 10
3009 5
3010 1
3011 1
3012 4
3013 5
3014 45
3015 2
3017 16
3018 2
3019 3
3020 7
3021 5
3022 4
3023 3
3024 5
3025 4
3026 6
3027 13
3028 19
3029 3
3030 14
3031 4
3032 7
3033 40
3034 3
3035 2
3036 3
3037 2
3038 5
3039 3
3040 13
3041 7
3042 2
3043 13
3044 3
3045 7
3046 1
3047 3
3048 27
3049 2
3050 5
3051 4
3053 15
3054 4
3055 3
3056 11
3057 8
3058 2
3059 6
3060 6
3061 11
3062 4
3063 5
3064 1
3065 13
3066 11
3067 2
3068 3
3069 26
3070 7
3071 3
3072 3
3073 15
3074 22
3075 3
3076 5
3077 3
3078 28
3079 8
3080 13
3081 7
3082 5
3083 2
3084 2
3085 4
3086 5
3087 1
3088 6
3089 2
3090 2
3091 7
3092 3
3093 1
3094 2
3095 6
3096 22
3097 1
3098 5
3099 7
3100 1
3101 2
3102 27
3103 3
3104 1
3105 1
3106 5
3107 2
3108 8
3109 20
3110 4
3111 5
3112 2
3113 10
3114 9
3115 3
3116 4
3117 43
3118 12
3119 4
3120 2
3121 4
3122 4
3123 4
3124 4
3125 9
3126 5
3127 2
3128 7
3129 4
3130 16
3131 6
3132 5
3133 1
3134 17
3135 4
3136 3
3137 9
3138 1
3139 2
3140 2
3141 3
3142 1
3143 3
3144 5
3145 7
3146 3
3147 9
3148 3
3149 1
3151 28
3152 3
3153 17
3154 10
3155 20
3156 5
3157 14
3158 11
3159 10
3160 1
3161 9
3162 2
3163 4
3165 5
3166 4
3167 20
3168 49
3169 44
3170 1
3171 11
3172 39
3173 6
3174 4
3176 2
3177 9
3178 2
3179 11
3180 2
3181 55
3182 6
3183 6
3184 1
3185 1
3186 2
3187 9
3188 4
3189 3
3190 2
3191 17
3192 41
3193 3
3194 11
3195 11
3196 4
3198 4
3199 3
3200 3
3201 5
3202 7
3203 3
3204 2
3205 5
3206 15
3207 3
3208 2
3209 13
3210 7
3211 3
3212 36
3213 4
3214 44
3215 89
3216 294
3217 23
3218 50
3219 3
3220 3
3221 2
3222 5
3223 3
3224 6
3225 3
3226 5
3227 2
3228 3
3229 1
3230 1
3231 2
3232 3
3233 2
3234 1
3235 8
3236 5
3237 7
3238 1
3239 4
3240 1
3241 2
3242 21
3243 11
3244 5
3245 4
3246 4
3247 10
3248 3
3249 3
3250 2
3251 5
3252 3
3253 3
3254 8
3255 3
3256 8
3257 5
3258 4
3259 14
3260 20
3261 8
3262 2
3263 4
3264 6
3265 5
3266 25
3267 1
3268 7
3269 3
3270 3
3271 57
3272 1
3273 6
3274 2
3275 8
3276 1
3277 8
3278 1
3279 8
3280 6
3281 3
3282 5
3283 4
3284 1
3285 3
3286 4
3287 5
3288 4
3289 15
3290 2
3291 2
3292 3
3293 4
3294 3
3296 7
3297 19
3298 4
3299 1
3300 11
3301 20
3302 1
3303 9
3304 4
3305 6
3306 9
3307 4
3308 8
3309 5
3310 24
3311 2
3312 3
3314 3
3315 10
3316 6
3317 8
3318 3
3319 22
3320 27
3321 11
3322 1
3323 3
3324 5
3326 8
3327 4
3328 3
3329 1
3330 5
3331 1
3332 2
3333 1
3334 1
3335 4
3336 7
3337 6
3338 3
3339 36
3340 6
3341 3
3342 2
3343 2
3344 3
3345 4
3346 3
3347 8
3348 14
3349 21
3350 2
3351 23
3352 30
3353 4
3354 16
3355 18
3356 11
3357 4
3358 4
3359 3
3361 4
3362 5
3363 1
3364 6
3365 7
3366 7
3367 34
3368 3
3369 1
3370 7
3371 9
3372 4
3373 5
3374 4
3375 5
3376 2
3377 5
3378 14
3379 6
3380 1
3381 4
3382 1
3383 3
3384 5
3385 4
3386 4
3387 4
3388 4
3389 13
3390 5
3391 3
3392 4
3393 46
3394 5
3395 30
3396 8
3397 5
3398 13
3400 10
3401 15
3402 2
3403 6
3404 16
3405 4
3406 8
3407 4
3408 2
3409 35
3410 15
3411 1
3412 6
3413 19
3414 8
3415 9
3416 13
3417 4
3418 7
3419 10
3420 23
3421 38
3422 5
3423 14
3424 4
3425 3
3426 36
3427 56
3428 103
3429 219
3430 5
3431 1
3433 2
3434 6
3435 5
3436 6
3437 13
3438 7
3439 6
3440 3
3441 4
3442 3
3443 8
3444 4
3445 9
3446 3
3447 1
3448 5
3449 9
3450 16
3451 9
3452 7
3453 6
3454 8
3455 3
3456 7
3457 2
3458 5
3459 63
3460 80
3461 8
3462 202
3463 109
3464 9
3465 15
3466 10
3467 6
3468 2
3469 6
3470 5
3471 12
3472 18
3473 9
3474 2
3475 5
3476 46
3477 3
3478 6
3479 3
3480 5
3481 16
3482 6
3483 10
3484 12
3485 4
3486 12
3487 6
3488 2
3489 6
3490 4
3491 8
3492 3
3493 3
3494 23
3495 16
3496 6
3497 19
3498 3
3499 12
3500 17
3501 10
3502 10
3503 15
3504 2
3505 2
3506 11
3507 8
3508 3
3509 2
3510 6
3511 22
3512 4
3513 15
3514 6
3516 16
3517 3
3518 4
3519 5
3520 5
3521 3
3522 2
3523 8
3524 1
3525 17
3526 1
3527 2
3528 3
3529 32
3530 20
3531 43
3532 5
3533 1
3534 6
3535 6
3536 7
3537 1
3538 3
3539 41
3540 12
3541 1
3542 5
3543 6
3544 2
3545 56
3546 4
3547 32
3548 10
3549 31
3550 31
3551 4
3552 1
3553 1
3554 4
3555 16
3556 12
3557 18
3558 30
3559 6
3560 3
3561 1
3562 1
3563 12
3564 4
3565 4
3566 1
3567 34
3568 8
3569 4
3570 6
3571 5
3572 9
3573 3
3574 17
3575 2
3576 26
3577 15
3578 38
3579 7
3580 10
3581 10
3582 4
3583 2
3584 2
3585 4
3586 17
3587 3
3588 3
3589 9
3590 5
3591 18
3592 16
3593 7
3594 3
3595 2
3596 6
3597 4
3598 4
3599 3
3600 1
3601 2
3602 3
3603 12
3604 1
3605 3
3606 16
3607 4
3608 4
3609 2
3610 1
3611 4
3612 5
3613 3
3614 1
3615 4
3616 14
3617 1
3618 1
3619 6
3620 3
3621 4
3622 3
3623 1
3624 3
3625 6
3626 7
3627 8
3628 1
3629 18
3630 4
3631 7
3632 1
3633 1
3634 3
3635 4
3636 4
3637 5
3638 12
3639 4
3640 3
3641 1
3642 3
3643 3
3644 5
3645 1
3646 4
3647 2
3648 9
3649 2
3650 4
3651 3
3652 2
3653 4
3654 1
3655 6
3656 4
3657 3
3658 2
3659 4
3660 7
3661 10
3662 2
3663 5
3664 12
3665 2
3666 9
3667 15
3668 3
3669 3
3670 2
3672 4
3673 26
3674 13
3675 4
3676 5
3677 6
3678 3
3679 15
3680 2
3681 16
3682 2
3683 5
3684 4
3685 6
3686 4
3687 1
3688 2
3689 6
3690 2
3691 7
3692 6
3693 14
3694 3
3695 1
3696 15
3697 2
3699 8
3700 3
3701 9
3702 9
3703 5
3704 7
3705 12
3706 3
3707 8
3708 5
3709 9
3710 3
3711 8
3712 2
3713 3
3714 5
3715 7
3716 4
3717 1
3718 9
3719 1
3720 13
3721 4
3722 5
3723 4
3724 14
3725 28
3726 1
3727 3
3728 2
3729 3
3730 8
3731 1
3732 3
3733 21
3734 4
3735 2
3736 8
3737 2
3738 10
3739 3
3740 4
3741 9
3742 2
3743 22
3744 13
3745 4
3746 2
3747 11
3748 9
3749 4
3750 4
3751 10
3752 4
3753 9
3754 13
3756 5
3757 11
3759 10
3760 2
3761 22
3762 2
3763 1
3764 1
3766 7
3767 32
3768 3
3769 8
3770 3
3771 10
3772 8
3773 5
3774 1
3776 6
3777 14
3778 15
3779 3
3780 6
3781 8
3782 4
3783 3
3784 8
3785 1
3786 8
3787 4
3788 2
3789 2
3790 1
3791 9
3792 8
3793 3
3794 11
3795 4
3796 4
3797 2
3798 2
3799 6
3800 3
3801 2
3802 2
3803 2
3804 1
3805 5
3806 16
3807 7
3808 39
3809 2
3810 2
3811 4
3812 5
3813 1
3814 4
3815 3
3816 1
3817 4
3818 1
3819 1
3820 16
3821 2
3822 2
3823 4
3824 3
3825 3
3826 2
3827 2
3828 2
3829 11
3830 4
3832 3
3833 8
3834 1
3835 8
3836 3
3837 2
3838 1
3840 4
3841 6
3842 8
3843 9
3844 2
3845 4
3846 4
3847 3
3848 4
3849 3
3850 8
3851 4
3852 2
3853 43
3854 4
3855 27
3856 13
3857 2
3858 3
3859 13
3860 40
3861 6
3862 13
3863 3
3864 2
3865 41
3866 5
3867 7
3868 9
3869 3
3870 2
3871 7
3872 7
3873 1
3874 5
3875 3
3876 14
3877 3
3878 1
3879 12
3880 3
3881 8
3882 5
3883 2
3884 1
3885 8
3886 7
3887 4
3888 1
3890 24
3891 7
3892 4
3893 9
3894 1
3895 6
3896 8
3898 7
3899 12
3900 27
3901 5
3902 6
3903 2
3904 9
3905 3
3906 4
3907 5
3908 3
3909 3
3910 4
3911 7
3912 2
3913 15
3914 4
3915 3
3916 2
3917 15
3918 2
3919 12
3920 5
3921 17
3922 3
3923 2
3924 9
3925 12
3926 47
3927 2
3928 3
3929 12
3930 6
3931 12
3932 2
3934 6
3935 6
3936 2
3937 2
3938 3
3939 12
3940 3
3941 9
3942 3
3943 4
3944 3
3945 3
3946 2
3947 2
3948 3
3949 7
3950 5
3951 4
3952 4
3953 4
3954 2
3955 5
3956 4
3957 2
3958 7
3959 2
3960 3
3961 1
3962 4
3963 7
3964 7
3965 9
3966 3
3967 2
3968 6
3969 3
3970 2
3971 2
3972 2
3973 7
3974 5
3975 1
3976 8
3977 10
3978 6
3979 2
3980 1
3981 6
3982 3
3983 2
3984 4
3985 5
3986 2
3987 7
3988 5
3989 4
3990 6
3991 6
3992 10
3993 3
3994 4
3995 6
3996 4
3997 6
3998 3
3999 4
4000 4
4001 4
4002 5
4003 3
4004 4
4005 2
4006 5
4007 6
4008 23
4009 3
4010 12
4011 4
4012 12
4013 1
4014 1
4015 23
4016 6
4017 18
4018 5
4019 11
4021 4
4022 15
4023 31
4024 3
4025 3
4026 1
4027 2
4028 1
4029 3
4030 3
4031 21
4032 4
4033 1
4034 3
4035 4
4036 2
4037 2
4038 9
4039 3
4040 33
4041 4
4042 1
4043 11
4044 4
4045 9
4046 2
4047 2
4048 5
4049 4
4050 2
4051 2
4052 2
4053 1
4055 5
4056 2
4057 3
4058 5
4059 1
4060 4
4061 1
4062 4
4063 9
4064 11
4065 1
4066 1
4067 2
4068 2
4069 1
4070 22
4071 26
4073 25
4074 13
4075 16
4076 7
4077 14
4078 1
4079 8
4080 3
4081 3
4082 2
4083 1
4084 3
4085 8
4086 6
4087 2
4088 9
4089 5
4090 4
4091 1
4092 2
4093 7
4095 2
4096 8
4097 1
4098 12
4101 7
4102 2
4103 1
4104 5
4105 5
4106 1
4107 1
4108 21
4109 4
4110 4
4111 1
4112 6
4113 4
4114 2
4115 1
4116 6
4117 5
4118 9
4119 4
4120 2
4121 1
4122 5
4123 6
4124 1
4125 6
4126 3
4127 4
4128 3
4129 1
4130 4
4131 5
4132 2
4133 4
4134 2
4135 11
4136 6
4137 1
4138 1
4139 2
4140 9
4141 1
4142 6
4143 6
4144 1
4146 4
4147 3
4149 4
4150 11
4151 7
4152 6
4153 5
4154 27
4155 4
4156 9
4157 7
4158 7
4159 9
4160 9
4161 8
4162 3
4163 10
4164 4
4165 5
4166 11
4167 4
4168 6
4169 6
4170 7
4171 10
4172 4
4173 5
4174 8
4175 2
4176 10
4177 7
4178 9
4179 10
4180 12
4181 11
4182 7
4183 7
4184 2
4185 5
4186 6
4187 5
4188 12
4189 9
4190 5
4191 5
4192 15
4193 7
4194 7
4195 2
4196 42
4197 13
4198 7
4199 6
4200 14
4201 5
4202 3
4203 1
4204 2
4205 1
4206 4
4207 8
4208 10
4209 4
4210 4
4211 4
4212 1
4213 4
4214 1
4215 4
4217 2
4218 10
4219 5
4220 5
4221 1
4222 6
4223 5
4224 4
4225 12
4226 18
4227 5
4228 10
4229 5
4230 2
4231 7
4232 2
4233 2
4234 6
4235 2
4236 2
4237 3
4238 3
4239 1
4240 24
4241 37
4242 1
4243 1
4244 9
4245 10
4246 4
4247 6
4248 10
4249 7
4250 17
4251 5
4253 2
4254 7
4255 9
4256 3
4257 12
4258 4
4259 4
4260 6
4261 3
4262 3
4263 3
4264 35
4265 2
4266 19
4267 2
4268 3
4269 10
4270 6
4271 13
4272 8
4273 2
4274 5
4275 5
4276 2
4277 4
4278 5
4279 11
4280 8
4281 11
4282 2
4283 2
4284 4
4285 2
4286 2
4287 5
4288 5
4289 1
4290 1
4291 7
4292 3
4293 5
4294 10
4295 6
4296 5
4297 3
4298 7
4299 5
4300 9
4301 6
4302 7
4303 2
4304 12
4305 3
4306 7
4307 4
4309 2
4310 7
4311 16
4313 16
4314 11
4315 10
4316 6
4317 2
4318 4
4319 4
4320 12
4321 1
4322 1
4323 1
4324 4
4325 4
4326 5
4327 36
4328 6
4329 4
4330 1
4331 9
4332 7
4333 2
4334 2
4335 6
4336 6
4337 2
4338 4
4339 5
4340 5
4341 2
4342 4
4343 50
4344 10
4345 5
4346 1
4347 1
4348 12
4349 5
4350 3
4351 3
4352 8
4353 32
4354 39
4355 3
4356 8
4357 5
4358 5
4359 3
4360 2
4361 1
4362 16
4363 7
4364 4
4365 59
4366 4
4367 6
4368 2
4369 9
4370 10
4371 8
4372 19
4373 2
4374 5
4375 3
4376 6
4377 2
4378 7
4379 2
4380 6
4381 1
4382 3
4383 6
4384 4
4385 6
4386 5
4387 8
4388 5
4389 6
4390 13
4391 5
4392 4
4393 3
4394 7
4395 2
4396 8
4397 3
4398 7
4399 3
4400 5
4401 16
4402 12
4403 10
4404 3
4405 2
4406 3
4407 51
4408 7
4409 29
4410 3
4411 22
4412 2
4413 25
4414 2
4415 14
4416 5
4417 3
4418 1
4419 5
4420 4
4421 3
4422 8
4423 4
4424 4
4425 6
4426 5
4427 3
4428 3
4429 3
4430 3
4432 6
4433 4
4434 6
4435 10
4436 12
4437 2
4438 9
4439 10
4440 5
4441 1
4442 2
4443 1
4444 2
4445 1
4446 2
4447 1
4449 2
4450 3
4451 24
4452 5
4453 2
4454 1
4455 12
4456 18
4457 6
4458 2
4459 3
4460 4
4461 3
4462 10
4463 10
4464 3
4465 15
4466 9
4467 3
4468 8
4469 2
4470 4
4471 20
4472 8
4473 7
4474 3
4475 2
4476 1
4477 2
4478 19
4479 1
4480 3
4481 1
4482 2
4483 1
4484 3
4485 2
4486 8
4487 4
4488 9
4489 3
4490 22
4491 3
4492 2
4493 5
4494 2
4495 2
4496 9
4497 27
4498 1
4499 7
4500 7
4501 8
4502 2
4503 4
4504 2
4505 3
4506 1
4507 6
4508 2
4509 19
4510 15
4511 5
4512 3
4513 3
4514 4
4515 14
4516 3
4517 19
4518 12
4519 1
4520 14
4521 4
4522 21
4523 3
4524 14
4525 8
4526 5
4527 1
4528 3
4529 2
4530 10
4531 18
4532 4
4533 5
4534 7
4535 4
4536 1
4537 4
4538 4
4539 2
4540 5
4541 2
4542 5
4543 2
4544 3
4545 5
4546 6
4547 4
4548 7
4549 1
4550 4
4551 9
4552 4
4553 1
4554 10
4555 2
4556 1
4557 3
4558 2
4559 2
4560 8
4561 11
4562 10
4563 6
4565 3
4567 6
4568 6
4569 1
4570 1
4571 2
4572 3
4573 4
4574 16
4575 6
4576 5
4577 1
4578 5
4579 2
4580 9
4581 5
4582 3
4583 1
4584 2
4585 6
4586 7
4587 2
4588 5
4589 4
4590 7
4591 1
4592 4
4593 10
4594 4
4595 6
4596 4
4597 3
4598 9
4599 18
4600 5
4601 7
4602 5
4603 1
4604 8
4605 8
4606 1
4607 15
4608 25
4609 4
4610 16
4611 2
4612 1
4613 5
4614 2
4615 7
4616 10
4617 5
4618 3
4619 3
4620 4
4621 5
4622 3
4623 11
4624 1
4625 6
4626 2
4627 4
4628 3
4629 2
4630 1
4631 2
4632 3
4633 3
4634 12
4635 5
4636 10
4637 6
4638 8
4639 3
4640 8
4641 3
4642 1
4643 5
4644 3
4645 3
4646 14
4647 6
4648 5
4649 2
4650 11
4651 2
4652 1
4653 4
4654 3
4655 2
4656 1
4657 1
4658 22
4659 18
4660 4
4661 20
4662 5
4663 1
4664 4
4665 10
4666 3
4667 11
4668 11
4669 5
4670 10
4671 3
4672 8
4673 5
4674 1
4675 1
4676 4
4677 5
4678 4
4679 4
4680 2
4681 1
4682 18
4683 10
4684 3
4685 3
4686 4
4687 5
4688 7
4689 4
4690 2
4691 5
4692 4
4693 2
4694 4
4695 7
4696 2
4697 14
4698 12
4699 2
4700 3
4701 6
4702 5
4703 7
4704 12
4705 5
4706 17
4707 5
4708 3
4709 3
4710 2
4711 2
4712 3
4713 9
4714 2
4715 1
4716 3
4717 9
4718 11
4719 2
4720 6
4721 6
4722 3
4723 7
4724 4
4725 14
4726 6
4727 1
4728 6
4729 300
4730 226
4731 33
4732 5
4733 3
4734 4
4735 3
4736 4
4737 6
4738 3
4739 8
4740 3
4741 4
4742 13
4743 5
4744 5
4745 9
4746 5
4747 6
4748 17
4749 11
4750 13
4751 5
4752 5
4753 8
4754 9
4755 11
4756 1
4757 4
4758 3
4759 16
4760 7
4761 1
4762 8
4763 5
4764 5
4765 2
4766 4
4767 6
4768 1
4769 4
4770 3
4771 2
4772 3
4773 3
4774 1
4775 1
4776 3
4777 11
4778 7
4779 2
4780 3
4781 2
4782 14
4783 4
4784 4
4785 1
4786 2
4787 5
4788 4
4789 3
4790 3
4791 1
4792 3
4793 8
4794 2
4795 2
4796 1
4797 1
4798 11
4799 8
4800 3
4801 3
4802 4
4803 1
4804 2
4805 4
4806 5
4807 7
4808 1
4809 6
4810 20
4811 9
4812 3
4813 3
4814 5
4815 5
4816 4
4817 2
4818 3
4819 6
4820 9
4821 3
4822 2
4823 2
4824 13
4825 3
4826 3
4827 11
4828 2
4829 7
4830 4
4831 27
4832 4
4833 38
4835 32
4836 5
4837 2
4838 2
4839 1
4840 4
4841 1
4842 6
4843 9
4844 2
4845 3
4846 1
4847 2
4848 4
4849 9
4850 2
4851 2
4852 2
4853 4
4854 19
4855 4
4856 3
4857 7
4858 3
4859 4
4860 2
4861 3
4862 4
4863 5
4864 2
4866 25
4867 4
4868 31
4869 9
4870 6
4871 7
4872 1
4873 3
4874 9
4875 4
4876 10
4877 3
4878 3
4879 24
4880 4
4881 9
4882 14
4883 4
4884 4
4885 8
4886 7
4887 2
4888 3
4889 4
4890 6
4891 1
4892 2
4894 2
4895 15
4896 19
4897 8
4898 1
4899 9
4900 19
4901 2
4902 3
4903 16
4904 4
4905 8
4906 4
4907 5
4908 5
4909 5
4910 3
4912 2
4913 6
4914 4
4915 9
4916 26
4917 6
4918 13
4919 6
4920 6
4922 3
4923 7
4924 3
4925 5
4926 11
4927 15
4928 7
4929 1
4930 15
4931 1
4932 3
4933 6
4934 3
4935 4
4936 2
4937 14
4938 1
4939 6
4940 29
4941 6
4942 7
4943 2
4944 17
4945 9
4946 2
4947 1
4948 4
4949 4
4950 12
4951 2
4952 6
4953 7
4954 8
4955 6
4956 3
4957 3
4958 5
4959 1
4960 9
4961 5
4962 13
4963 4
4966 12
4967 3
4968 2
4969 9
4970 1
4971 5
4972 3
4974 24
4975 4
4976 4
4977 1
4978 2
4979 3
4980 3
4981 2
4982 3
4983 12
4984 2
4985 1
4986 4
4987 13
4988 7
4989 3
4990 4
4991 12
4992 3
4993 7
4994 3
4995 1
4996 5
4997 1
4998 1
4999 3
5000 2
5001 9
5002 1
5003 1
5004 4
5005 6
5007 14
5008 4
5009 6
5010 3
5011 2
5012 1
5013 2
5014 2
5015 14
5016 4
5017 2
5018 6
5019 5
5020 5
5021 4
5023 3
5024 4
5025 2
5026 6
5027 4
5028 27
5030 1
5031 2
5032 8
5033 1
5034 4
5035 4
5037 13
5038 6
5039 2
5041 5
5042 10
5043 3
5044 1
5046 2
5047 2
5049 2
5050 2
5051 3
5052 11
5053 5
5054 2
5055 3
5056 5
5057 3
5058 2
5059 2
5060 3
5061 2
5063 5
5064 2
5065 8
5066 5
5067 15
5068 13
5069 1
5070 6
5071 4
5072 21
5073 6
5074 5
5075 4
5076 10
5077 2
5078 5
5079 2
5081 5
5082 4
5083 39
5084 2
5085 3
5086 6
5087 4
5088 3
5089 12
5090 16
5091 10
5092 11
5093 13
5094 4
5095 4
5096 235
5097 7
5098 6
5099 8
5100 4
5101 9
5102 8
5103 4
5104 3
5105 4
5106 3
5107 45
5108 23
5109 4
5110 2
5111 5
5112 3
5113 1
5114 3
5115 1
5116 4
5117 11
5118 5
5120 15
5121 1
5122 5
5123 8
5124 2
5125 9
5126 4
5127 7
5128 13
5129 6
5130 3
5131 7
5132 5
5133 3
5134 1
5135 2
5137 1
5138 5
5139 7
5140 1
5141 2
5142 2
5143 8
5144 11
5145 13
5146 5
5147 3
5148 4
5149 6
5150 8
5151 16
5152 2
5153 4
5154 3
5155 2
5156 31
5157 1
5158 2
5159 4
5160 4
5161 4
5162 3
5163 3
5165 16
5166 3
5167 13
5168 2
5169 16
5170 7
5171 4
5172 2
5173 3
5174 1
5175 6
5176 4
5177 1
5178 4
5179 1
5180 5
5181 3
5182 2
5183 6
5184 4
5185 12
5186 2
5187 6
5188 5
5189 2
5190 5
5191 1
5192 25
5193 7
5194 3
5195 4
5196 39
5197 3
5198 14
5199 7
5200 5
5201 48
5202 1
5203 3
5204 4
5205 8
5206 2
5207 2
5208 3
5209 6
5210 8
5211 3
5212 6
5214 4
5215 4
5216 4
5217 3
5218 4
5219 6
5220 4
5221 9
5222 3
5223 2
5224 11
5225 2
5226 4
5227 4
5228 15
5229 6
5230 10
5231 4
5232 5
5233 2
5234 3
5235 1
5237 2
5238 5
5239 4
5240 2
5241 5
5242 5
5243 1
5244 2
5245 5
5246 4
5247 3
5248 6
5249 3
5250 2
5251 5
5252 4
5253 2
5254 3
5255 3
5256 6
5257 3
5258 6
5259 5
5260 2
5261 1
5262 1
5263 4
5264 4
5265 4
5266 1
5267 14
5268 3
5269 3
5270 1
5271 6
5272 4
5273 4
5274 3
5275 2
5276 1
5277 1
5278 3
5279 4
5280 1
5281 3
5282 4
5284 1
5285 2
5286 3
5287 1
5288 7
5289 6
5290 1
5291 2
5292 6
5293 2
5294 2
5295 16
5296 1
5297 16
5298 2
5299 3
5300 19
5301 7
5302 24
5303 1
5304 4
5305 27
5306 9
5307 4
5308 7
5309 2
5310 7
5311 9
5312 223
5313 56
5314 66
5315 4
5316 28
5318 3
5319 1
5320 5
5321 2
5322 4
5323 15
5324 2
5325 3
5326 3
5327 132
5328 42
5329 162
5330 38
5331 37
5332 5
5333 4
5334 8
5335 1
5336 5
5337 157
5338 4
5339 53
5340 63
5341 355
5342 17
5343 56
5344 7
5345 3
5346 3
5347 3
5348 1
5349 4
5350 5
5351 3
5352 2
5353 12
5354 4
5355 6
5356 6
5357 4
5358 2
5359 14
5360 4
5362 3
5363 6
5364 3
5366 3
5367 10
5368 1
5369 38
5370 35
5372 5
5373 5
5374 14
5376 3
5377 5
5378 2
5379 4
5380 6
5382 5
5383 6
5384 1
5385 1
5386 2
5387 1
5388 3
5389 5
5390 2
5391 1
5392 1
5393 2
5394 4
5395 3
5396 1
5397 1
5398 7
5399 4
5400 5
5401 8
5402 8
5403 2
5404 8
5405 2
5406 17
5407 10
5408 9
5410 7
5412 5
5413 5
5414 15
5415 4
5416 6
5417 1
5419 6
5420 3
5421 3
5422 22
5424 2
5425 83
5426 8
5427 281
5428 6
5429 8
5430 1
5431 7
5432 5
5433 40
5434 4
5435 8
5436 4
5437 4
5438 7
5439 10
5440 6
5442 3
5443 5
5444 4
5445 7
5446 10
5447 7
5448 7
5449 1
5450 6
5451 20
5452 6
5453 5
5454 2
5455 9
5456 2
5457 8
5458 5
5459 2
5460 1
5461 3
5462 1
5463 5
5464 14
5466 3
5467 1
5468 2
5469 5
5470 1
5471 1
5472 9
5473 14
5474 2
5475 7
5476 2
5477 2
5478 10
5479 3
5480 4
5481 3
5482 14
5483 4
5484 5
5485 1
5486 6
5487 2
5488 3
5489 5
5490 2
5491 3
5492 4
5493 7
5494 4
5495 6
5496 2
5497 5
5498 1
5499 1
5500 2
5501 3
5503 2
5504 9
5505 4
5506 2
5507 2
5508 5
5509 6
5510 2
5511 2
5512 2
5513 8
5514 11
5515 4
5516 6
5517 6
5518 1
5519 3
5520 7
5521 9
5522 10
5523 41
5524 6
5525 3
5526 11
5527 3
5528 12
5529 7
5530 9
5531 2
5532 3
5533 15
5534 11
5535 5
5536 7
5537 6
5538 4
5539 14
5540 11
5541 10
5542 11
5543 12
5544 7
5545 7
5546 2
5547 4
5548 8
5549 194
5550 43
5551 6
5552 5
5553 8
5554 10
5555 1
5556 2
5557 3
5558 1
5559 2
5560 3
5561 6
5562 5
5563 7
5564 3
5565 3
5566 6
5567 5
5568 2
5569 16
5570 2
5571 2
5572 2
5573 1
5574 4
5575 5
5576 2
5577 4
5578 3
5579 4
5580 3
5581 5
5582 2
5583 2
5584 5
5585 4
5586 4
5587 5
5588 15
5589 4
5590 4
5591 5
5593 2
5594 5
5595 6
5596 2
5597 1
5598 2
5599 3
5600 2
5601 10
5602 2
5603 7
5604 10
5605 1
5606 5
5607 6
5608 10
5609 7
5610 2
5611 10
5612 4
5613 20
5614 3
5615 1
5616 3
5617 2
5618 5
5619 2
5620 3
5621 1
5622 2
5623 4
5624 3
5625 5
5626 3
5627 1
5628 2
5629 5
5630 2
5631 3
5632 3
5633 6
5634 2
5636 8
5638 5
5639 7
5640 5
5641 7
5642 9
5643 2
5644 7
5645 2
5646 1
5647 3
5648 5
5649 1
5650 2
5651 2
5652 1
5653 2
5654 2
5655 1
5656 2
5657 3
5658 3
5659 2
5660 5
5661 6
5662 5
5663 4
5664 3
5665 3
5666 14
5667 2
5668 8
5669 2
5670 6
5671 1
5672 1
5673 1
5674 1
5675 1
5676 3
5677 2
5678 1
5679 3
5680 5
5681 7
5682 5
5683 1
5684 3
5685 5
5686 2
5687 5
5688 8
5689 4
5690 3
5691 2
5692 2
5693 11
5694 5
5695 4
5696 3
5697 3
5698 2
5699 4
5700 5
5701 1
5702 7
5703 6
5704 2
5705 2
5706 6
5707 8
5708 7
5709 1
5710 3
5711 4
5712 13
5713 4
5714 1
5715 3
5716 5
5717 5
5718 14
5719 11
5720 51
5721 8
5722 5
5723 4
5724 3
5725 7
5726 4
5728 5
5729 5
5730 1
5731 11
5732 3
5733 2
5735 4
5736 7
5737 5
5738 3
5739 2
5740 9
5741 16
5742 5
5743 4
5744 7
5745 4
5746 1
5747 5
5748 8
5749 6
5750 6
5751 12
5752 3
5753 7
5754 3
5755 5
5756 4
5757 21
5759 4
5760 5
5761 2
5762 2
5763 2
5764 10
5765 1
5766 2
5767 2
5768 1
5769 1
5770 3
5771 3
5772 15
5773 1
5774 2
5775 3
5776 5
5777 6
5778 2
5779 1
5781 2
5782 5
5783 8
5784 2
5785 6
5786 7
5787 3
5788 20
5789 9
5790 1
5791 3
5792 8
5796 2
5797 2
5798 5
5799 3
5800 17
5801 3
5802 2
5803 2
5805 3
5806 9
5807 2
5808 3
5809 10
5810 4
5811 5
5812 54
5813 9
5814 8
5815 4
5816 3
5817 3
5818 2
5819 1
5820 4
5821 2
5822 2
5823 3
5824 2
5825 6
5826 2
5827 3
5828 1
5829 6
5830 1
5831 2
5832 3
5833 3
5834 4
5835 8
5836 6
5837 6
5839 4
5840 3
5841 3
5842 2
5843 3
5844 208
5845 3
5847 3
5848 5
5849 2
5850 14
5851 3
5852 6
5853 5
5854 8
5855 13
5856 2
5857 3
5859 1
5860 3
5861 3
5862 2
5863 8
5864 3
5865 2
5866 15
5867 2
5868 1
5869 5
5870 90
5871 2
5872 4
5873 5
5874 4
5875 4
5876 8
5877 5
5878 6
5879 4
5880 6
5881 4
5882 5
5883 5
5884 2
5885 1
5886 5
5887 13
5888 15
5889 12
5890 2
5891 4
5892 7
5893 1
5894 1
5895 2
5896 10
5897 7
5898 3
5899 3
5900 2
5901 4
5903 2
5905 4
5906 18
5907 4
5908 1
5909 3
5910 8
5911 2
5912 2
5913 3
5914 1
5915 23
5916 4
5917 1
5918 17
5919 69
5920 95
5921 2
5922 3
5924 2
5925 8
5926 7
5927 4
5928 5
5929 3
5930 3
5931 14
5932 4
5934 5
5935 5
5936 4
5937 9
5938 12
5940 4
5941 2
5942 5
5943 7
5944 7
5945 3
5946 6
5947 6
5948 3
5949 2
5950 3
5951 2
5952 5
5953 2
5954 8
5955 4
5956 2
5957 4
5958 1
5959 4
5960 2
5961 4
5962 1
5963 4
5964 2
5965 1
5966 1
5967 1
5968 1
5969 7
5970 6
5971 7
5972 1
5973 2
5974 14
5975 11
5976 4
5977 3
5978 2
5979 4
5980 9
5981 5
5982 3
5983 8
5984 4
5985 4
5986 3
5987 3
5988 3
5989 8
5990 9
5991 7
5992 5
5993 2
5994 7
5995 3
5996 2
5997 3
5998 4
5999 4
6000 4
6001 4
6002 6
6003 1
6004 6
6005 9
6006 6
6007 6
6008 5
6009 4
6010 2
6011 10
6012 1
6013 2
6014 1
6015 8
6016 6
6017 5
6018 6
6019 2
6020 3
6021 4
6022 3
6023 6
6024 1
6025 3
6026 2
6027 5
6028 2
6029 11
6030 1
6031 3
6032 1
6033 5
6035 4
6036 6
6037 4
6038 7
6039 3
6040 1
6041 1
6042 1
6043 1
6044 14
6045 6
6046 5
6047 4
6048 2
6049 2
6050 9
6051 2
6052 2
6053 4
6054 5
6055 6
6056 13
6059 6
6060 9
6061 5
6062 1
6063 1
6064 9
6065 5
6066 1
6067 10
6068 4
6069 3
6070 8
6071 7
6072 7
6073 5
6074 7
6075 1
6076 4
6077 4
6078 4
6079 4
6080 1
6081 1
6082 2
6083 2
6084 3
6085 3
6086 5
6087 7
6088 5
6089 4
6090 1
6091 3
6092 4
6094 14
6095 1
6096 3
6097 3
6098 6
6100 4
6101 4
6103 5
6104 2
6106 4
6107 4
6108 9
6109 5
6110 3
6111 3
6112 10
6113 9
6114 3
6115 1
6116 3
6117 6
6118 1
6119 8
6120 8
6121 12
6122 6
6123 11
6124 10
6125 3
6127 7
6128 3
6129 5
6130 3
6131 1
6132 3
6133 7
6134 7
6136 2
6137 2
6138 2
6139 1
6141 2
6142 3
6143 7
6144 6
6145 19
6146 8
6147 5
6148 6
6149 1
6150 4
6151 4
6153 4
6154 5
6155 2
6156 6
6157 7
6158 2
6159 2
6160 3
6161 3
6162 2
6163 4
6164 5
6165 11
6166 5
6167 2
6168 1
6169 3
6170 2
6173 7
6174 5
6175 3
6176 7
6177 4
6178 2
6179 15
6180 23
6181 25
6182 1
6183 4
6184 7
6185 8
6186 1
6187 4
6188 18
6189 3
6190 4
6191 2
6192 13
6193 10
6194 2
6195 14
6196 2
6197 2
6198 2
6199 4
6200 2
6201 3
6202 6
6203 3
6204 4
6205 5
6206 3
6207 3
6208 4
6209 2
6210 3
6211 1
6212 6
6213 1
6214 4
6215 1
6216 3
6217 3
6218 107
6219 45
6220 68
6221 139
6222 5
6223 1
6224 3
6225 3
6226 2
6227 1
6228 7
6229 7
6230 5
6231 3
6232 7
6233 9
6235 2
6236 4
6237 2
6238 2
6239 27
6240 17
6241 21
6242 71
6243 6
6244 9
6245 5
6246 4
6247 4
6248 3
6249 1
6250 6
6251 7
6252 8
6253 4
6254 2
6255 1
6257 16
6258 18
6259 4
6260 16
6261 1
6262 1
6263 6
6264 30
6265 8
6266 2
6267 33
6268 4
6269 4
6270 1
6271 3
6272 4
6274 6
6275 4
6276 7
6277 3
6278 2
6279 3
6280 8
6281 3
6282 2
6283 6
6284 4
6285 6
6286 18
6287 4
6288 1
6289 1
6290 2
6292 2
6293 3
6294 5
6295 2
6296 1
6297 4
6298 2
6299 10
6300 3
6301 4
6302 2
6303 7
6304 2
6305 7
6306 3
6308 2
6309 7
6310 2
6311 5
6312 3
6313 4
6314 5
6315 2
6316 4
6317 3
6318 3
6319 1
6320 2
6321 4
6322 6
6324 1
6325 4
6326 2
6327 2
6328 1
6329 5
6330 2
6331 2
6332 1
6333 5
6334 3
6335 12
6336 2
6337 2
6338 3
6339 11
6340 6
6341 10
6342 4
6343 5
6344 7
6345 4
6346 3
6347 3
6348 1
6349 4
6350 6
6351 6
6352 6
6353 4
6354 9
6355 3
6356 8
6358 3
6359 8
6360 3
6361 4
6362 2
6363 4
6365 8
6366 4
6367 5
6368 3
6369 5
6370 1
6371 3
6372 51
6373 2
6374 3
6375 6
6376 1
6377 3
6378 4
6379 4
6380 10
6381 2
6382 10
6383 3
6384 1
6385 12
6386 3
6387 1
6388 7
6389 25
6390 6
6391 3
6392 6
6393 6
6394 2
6395 3
6396 5
6397 12
6398 1
6399 14
6400 3
6401 1
6402 6
6403 6
6404 1
6405 2
6406 1
6407 4
6408 8
6409 1
6410 4
6411 3
6412 2
6413 5
6414 5
6415 5
6416 2
6417 11
6418 4
6419 2
6420 7
6421 2
6422 3
6423 7
6424 2
6425 2
6426 1
6427 7
6428 4
6429 5
6430 2
6431 7
6433 2
6434 6
6435 3
6437 1
6438 2
6439 7
6440 3
6441 1
6442 1
6443 4
6444 3
6445 3
6446 4
6447 4
6448 36
6449 47
6450 8
6451 4
6452 1
6453 4
6454 3
6455 4
6456 10
6457 8
6458 4
6459 3
6460 2
6461 4
6462 3
6463 1
6464 6
6465 3
6466 4
6467 9
6468 1
6469 35
6470 2
6471 2
6472 5
6473 2
6474 1
6475 2
6476 1
6477 2
6478 28
6479 3
6480 4
6481 2
6482 3
6483 2
6484 1
6485 10
6486 3
6487 5
6488 6
6489 1
6490 6
6491 5
6492 4
6493 10
6494 115
6495 3
6496 4
6497 6
6498 4
6499 1
6500 8
6501 3
6503 6
6504 3
6505 6
6506 2
6507 4
6508 4
6509 1
6510 6
6512 6
6513 4
6514 31
6515 6
6516 26
6517 33
6518 8
6519 117
6520 21
6521 1
6522 3
6523 6
6524 4
6525 5
6526 3
6527 3
6528 4
6529 3
6530 1
6531 17
6532 9
6533 25
6534 43
6535 2
6536 3
6538 23
6539 16
6540 9
6541 12
6542 48
6543 5
6544 6
6545 2
6546 4
6547 5
6548 23
6550 4
6551 4
6552 12
6553 2
6554 4
6555 2
6556 5
6557 7
6558 2
6561 4
6562 9
6563 8
6564 3
6565 2
6566 3
6567 5
6568 6
6569 25
6570 4
6571 4
6572 3
6573 7
6574 3
6575 4
6576 2
6577 2
6578 1
6579 3
6580 6
6581 4
6582 6
6583 3
6584 2
6586 3
6587 5
6588 2
6589 2
6590 1
6591 4
6592 1
6593 4
6594 5
6595 2
6597 2
6598 2
6599 3
6600 3
6601 5
6602 5
6604 5
6605 1
6606 2
6607 5
6608 6
6609 2
6610 5
6611 3
6612 1
6613 4
6614 3
6615 2
6616 1
6617 1
6618 3
6619 2
6620 1
6621 2
6622 5
6623 1
6624 3
6625 2
6626 5
6627 2
6628 3
6629 1
6630 6
6631 6
6632 6
6633 12
6634 8
6635 2
6636 4
6637 4
6638 6
6639 5
6640 2
6641 1
6642 3
6643 10
6644 3
6645 21
6646 9
6647 2
6648 1
6649 6
6650 1
6651 4
6652 1
6653 4
6654 5
6655 4
6656 4
6657 2
6658 25
6659 15
6660 6
6661 5
6663 4
6664 1
6665 6
6666 3
6667 9
6668 1
6669 2
6671 4
6672 1
6673 3
6674 1
6675 5
6676 7
6677 4
6678 2
6679 3
6680 2
6681 7
6683 15
6684 6
6685 6
6686 4
6687 3
6688 1
6689 1
6690 4
6691 4
6692 1
6693 1
6694 1
6695 4
6696 5
6697 2
6698 13
6699 5
6700 2
6701 1
6702 2
6703 19
6704 3
6705 4
6706 1
6707 6
6708 2
6709 3
6710 1
6711 2
6712 3
6713 6
6715 3
6716 1
6717 3
6718 1
6719 1
6720 4
6721 5
6722 3
6723 3
6725 6
6726 4
6727 2
6728 1
6731 3
6732 5
6733 3
6734 1
6735 8
6736 2
6737 29
6738 3
6739 2
6740 5
6741 2
6742 4
6743 4
6744 2
6745 3
6746 4
6747 3
6748 4
6749 4
6750 1
6751 20
6752 12
6753 2
6754 4
6755 3
6757 6
6758 6
6759 3
6760 2
6761 4
6762 1
6763 2
6764 6
6766 1
6768 1
6769 3
6770 2
6771 2
6772 3
6773 1
6774 3
6775 1
6776 1
6777 6
6778 3
6779 6
6780 1
6781 4
6782 1
6783 8
6784 5
6785 2
6786 2
6787 5
6788 6
6789 5
6790 17
6792 9
6793 3
6794 3
6795 5
6796 4
6797 3
6798 4
6799 2
6800 6
6801 8
6802 2
6804 3
6805 2
6806 2
6807 2
6808 5
6809 3
6810 4
6811 1
6812 2
6813 3
6814 5
6815 6
6818 26
6819 4
6820 8
6821 10
6822 9
6823 18
6825 13
6826 7
6827 3
6828 3
6829 9
6830 2
6831 9
6832 3
6833 2
6834 3
6835 3
6836 7
6837 4
6838 1
6839 4
6840 3
6842 3
6843 6
6844 2
6845 2
6846 6
6847 5
6848 7
6849 3
6850 7
6851 2
6852 6
6853 3
6854 4
6855 5
6856 2
6857 8
6858 5
6859 6
6860 3
6861 2
6862 1
6863 4
6864 11
6865 1
6866 1
6867 11
6868 2
6869 6
6870 3
6871 9
6872 1
6873 2
6874 11
6875 2
6876 3
6877 3
6878 3
6879 3
6880 2
6881 3
6882 4
6883 5
6884 3
6885 3
6886 3
6887 6
6889 4
6890 2
6891 8
6892 1
6893 7
6894 3
6895 3
6896 5
6897 3
6898 1
6899 6
6900 42
6901 5
6902 1
6903 7
6904 1
6905 3
6906 12
6907 2
6908 3
6909 9
6910 9
6911 3
6912 3
6913 5
6914 2
6915 6
6916 1
6917 4
6918 2
6919 1
6920 2
6922 4
6923 3
6925 13
6926 2
6927 2
6928 2
6929 1
6930 1
6931 5
6932 3
6933 1
6934 2
6935 1
6936 1
6937 11
6938 2
6939 1
6940 1
6941 11
6942 24
6943 10
6944 12
6945 4
6946 2
6947 1
6948 1
6949 13
6950 1
6951 1
6952 1
6954 3
6955 5
6956 2
6957 3
6958 1
6959 3
6960 4
6962 3
6963 1
6964 1
6965 1
6966 4
6967 2
6968 3
6969 3
6970 3
6971 3
6972 1
6973 1
6974 2
6975 2
6976 1
6977 1
6978 2
6979 1
6980 1
6981 2
6982 2
6983 4
6984 1
6985 6
6986 2
6987 2
6988 6
6989 3
6990 3
6991 3
6993 9
6994 5
6995 2
6996 2
6997 1
6998 4
6999 7
7000 5
7001 5
7003 13
7004 3
7005 3
7006 3
7007 1
7008 6
7009 4
7010 4
7011 3
7012 4
7013 2
7014 3
7015 3
7016 15
7017 2
7018 20
7019 5
7020 13
7021 4
7022 3
7023 8
7024 2
7025 4
7026 13
7027 3
7028 4
7029 2
7030 1
7031 2
7032 3
7033 10
7034 4
7035 1
7036 1
7037 4
7038 5
7039 3
7040 5
7041 4
7042 3
7043 3
7044 4
7045 2
7046 5
7047 8
7048 3
7049 28
7050 1
7051 1
7052 3
7053 19
7054 2
7055 5
7056 3
7057 2
7058 6
7059 3
7060 1
7061 19
7062 44
7063 3
7064 3
7065 7
7066 5
7067 11
7068 3
7069 4
7070 5
7071 4
7072 2
7073 12
7074 2
7075 2
7076 6
7077 3
7078 2
7079 1
7080 5
7081 6
7083 5
7084 2
7085 1
7086 1
7087 2
7088 1
7089 2
7090 1
7091 3
7092 4
7093 3
7094 2
7095 3
7096 6
7097 2
7098 2
7100 3
7101 3
7102 6
7103 3
7104 4
7105 6
7106 11
7107 5
7108 16
7109 6
7110 2
7111 2
7112 3
7113 2
7114 1
7115 2
7116 4
7117 4
7119 2
7120 13
7121 1
7122 4
7123 3
7124 5
7125 7
7126 8
7127 1
7128 1
7129 1
7130 8
7131 6
7132 5
7133 1
7134 9
7135 4
7136 4
7137 3
7139 2
7140 1
7141 4
7142 6
7143 2
7144 2
7145 2
7146 3
7147 2
7148 7
7149 2
7150 1
7151 4
7152 2
7153 1
7154 2
7155 3
7156 1
7157 4
7158 4
7159 2
7160 7
7161 5
7162 2
7163 1
7164 2
7165 3
7166 2
7167 1
7168 1
7169 8
7170 3
7171 3
7172 3
7173 25
7174 2
7175 6
7176 2
7177 4
7178 5
7179 1
7180 3
7181 4
7182 1
7183 3
7184 1
7185 1
7186 3
7187 1
7188 2
7189 15
7190 7
7191 11
7192 3
7193 2
7195 3
7196 1
7197 3
7198 1
7200 3
7201 4
7202 1
7203 4
7204 1
7205 3
7206 2
7207 7
7208 4
7209 5
7210 5
7212 3
7213 5
7214 1
7215 2
7216 6
7217 13
7218 3
7219 4
7220 21
7221 2
7222 2
7223 1
7224 5
7225 5
7226 6
7227 3
7228 11
7229 13
7230 18
7231 11
7232 4
7233 8
7234 1
7235 5
7236 2
7237 1
7238 1
7239 1
7240 2
7241 4
7242 3
7243 6
7244 2
7245 6
7246 4
7247 2
7248 1
7249 4
7250 1
7252 1
7253 3
7254 4
7255 2
7256 8
7257 2
7258 4
7259 1
7260 3
7261 2
7262 2
7263 28
7264 2
7265 2
7266 2
7267 1
7268 5
7269 4
7271 3
7272 1
7273 2
7274 7
7275 10
7276 46
7277 6
7278 8
7279 5
7280 2
7281 4
7283 3
7284 1
7285 3
7286 4
7287 3
7289 4
7290 3
7291 1
7292 3
7293 1
7294 3
7295 1
7296 2
7297 3
7298 4
7299 3
7300 4
7301 6
7302 2
7303 4
7304 4
7305 2
7306 4
7307 3
7308 2
7310 1
7311 3
7312 2
7313 3
7314 3
7315 1
7316 1
7317 1
7318 3
7319 1
7320 2
7321 2
7322 3
7323 2
7324 1
7325 1
7326 1
7327 4
7328 4
7329 3
7330 1
7332 3
7333 2
7334 3
7335 3
7336 1
7337 1
7338 1
7339 1
7340 1
7341 1
7342 3
7343 1
7344 4
7346 2
7347 1
7348 10
7349 1
7350 3
7351 1
7352 6
7353 12
7354 3
7355 3
7356 62
7357 21
7358 10
7359 2
7360 18
7361 1
7362 1
7363 15
7364 1
7365 1
7366 1
7367 2
7369 2
7370 3
7371 3
7372 2
7373 3
7374 1
7375 1
7376 1
7377 1
7378 2
7379 2
7380 2
7381 5
7382 4
7383 3
7384 2
7385 2
7387 1
7388 5
7389 2
7390 2
7391 2
7392 2
7393 13
7394 3
7395 13
7396 1
7397 4
7398 4
7399 2
7401 2
7402 5
7403 4
7404 3
7405 4
7406 1
7408 2
7409 2
7410 4
7412 1
7413 4
7414 1
7415 1
7416 7
7417 1
7418 22
7419 2
7420 3
7421 3
7423 9
7424 1
7425 2
7426 9
7428 7
7429 8
7430 3
7431 5
7432 2
7433 3
7434 3
7435 5
7436 1
7437 3
7438 16
7439 13
7440 3
7441 1
7442 4
7443 5
7446 4
7447 3
7448 3
7450 1
7451 2
7452 4
7453 8
7454 3
7455 8
7456 4
7457 3
7458 3
7459 1
7460 14
7461 4
7462 2
7463 4
7464 1
7465 4
7466 2
7467 3
7468 1
7469 2
7470 1
7471 11
7472 3
7473 4
7474 1
7475 9
7476 4
7477 4
7478 1
7479 1
7480 4
7481 4
7482 2
7483 1
7484 2
7485 1
7486 2
7487 2
7488 3
7489 2
7490 1
7491 6
7492 2
7493 3
7495 3
7496 1
7497 2
7498 1
7499 1
7500 1
7501 1
7502 3
7503 5
7504 3
7505 2
7506 3
7507 3
7508 2
7509 1
7510 5
7511 3
7512 2
7513 2
7514 1
7515 1
7516 2
7517 3
7518 1
7519 1
7520 1
7521 3
7522 24
7523 49
7524 27
7525 5
7526 2
7527 5
7528 3
7529 2
7530 1
7531 5
7532 1
7534 2
7535 1
7536 2
7537 2
7538 4
7539 1
7540 17
7541 6
7542 1
7543 2
7546 2
7547 4
7548 2
7549 1
7550 1
7551 4
7552 1
7553 1
7554 1
7555 3
7556 3
7557 6
7558 1
7559 3
7560 2
7561 3
7562 3
7563 1
7565 3
7566 3
7567 2
7568 2
7570 4
7571 3
7572 3
7573 6
7574 1
7575 3
7576 3
7577 1
7578 1
7579 1
7580 2
7581 3
7582 1
7583 5
7585 1
7586 3
7587 2
7588 9
7589 6
7590 1
7591 1
7592 2
7593 4
7594 7
7595 6
7596 2
7597 3
7598 11
7600 3
7601 3
7602 1
7604 6
7605 1
7606 1
7607 2
7608 4
7610 5
7611 4
7612 3
7613 8
7614 2
7615 4
7616 3
7617 20
7618 7
7619 9
7620 2
7621 7
7622 6
7623 2
7624 4
7625 4
7626 20
7627 8
7628 3
7629 3
7630 4
7631 2
7633 1
7634 1
7635 2
7636 3
7637 2
7638 4
7639 2
7640 2
7641 1
7642 5
7643 3
7644 2
7645 2
7646 1
7647 9
7648 1
7650 3
7651 1
7652 38
7653 22
7654 1
7655 3
7657 3
7658 5
7659 1
7660 1
7661 3
7662 14
7663 1
7664 1
7665 2
7666 3
7667 2
7668 1
7669 7
7670 1
7671 1
7672 1
7673 1
7675 1
7676 2
7677 3
7678 3
7679 1
7680 1
7681 5
7682 3
7683 2
7684 3
7685 1
7686 2
7688 2
7689 2
7690 2
7691 5
7692 3
7693 2
7694 2
7695 4
7696 2
7697 2
7698 3
7699 2
7700 4
7701 4
7702 1
7704 4
7705 3
7706 9
7707 1
7708 1
7709 2
7710 3
7711 2
7712 1
7713 6
7714 16
7715 2
7716 1
7717 3
7718 2
7719 4
7720 1
7721 1
7722 3
7723 1
7724 4
7725 3
7726 7
7727 1
7728 2
7729 3
7730 1
7731 2
7732 2
7734 3
7735 2
7736 4
7737 1
7738 3
7739 1
7740 8
7741 2
7742 4
7744 2
7745 3
7747 3
7748 1
7749 1
7750 3
7751 2
7752 3
7753 3
7754 4
7755 1
7756 1
7757 1
7758 2
7760 3
7761 4
7762 1
7763 6
7764 4
7766 2
7767 2
7769 3
7770 3
7771 7
7772 1
7774 1
7775 1
7776 1
7777 1
7778 4
7779 3
7780 1
7782 2
7783 5
7784 2
7785 3
7786 5
7787 1
7789 5
7790 2
7791 1
7792 4
7793 1
7794 1
7795 1
7796 3
7797 1
7798 1
7799 3
7800 2
7801 3
7802 3
7803 3
7804 4
7805 4
7806 3
7808 3
7809 1
7810 3
7811 2
7812 1
7813 3
7814 6
7815 2
7816 1
7817 3
7818 2
7819 2
7820 4
7821 1
7822 4
7823 3
7824 9
7825 5
7826 11
7827 6
7828 3
7829 2
7830 2
7831 1
7833 2
7834 1
7835 2
7836 1
7837 3
7838 2
7839 2
7840 4
7841 2
7842 1
7843 12
7844 2
7845 2
7846 2
7847 2
7848 2
7849 4
7850 3
7851 4
7852 1
7853 3
7854 1
7855 2
7856 1
7858 2
7859 1
7860 6
7861 1
7862 2
7863 2
7864 3
7865 1
7867 1
7868 1
7869 1
7870 1
7871 2
7872 1
7873 3
7874 2
7875 4
7876 4
7877 1
7878 2
7880 9
7881 7
7882 2
7883 4
7884 2
7885 1
7886 1
7887 6
7889 1
7890 3
7891 2
7893 4
7894 1
7897 7
7898 2
7899 3
7900 3
7901 2
7902 2
7903 1
7904 2
7905 5
7906 10
7907 5
7908 1
7909 2
7910 1
7911 3
7913 3
7914 3
7915 3
7916 1
7917 1
7918 1
7919 1
7921 2
7922 2
7923 2
7924 2
7925 1
7926 1
7927 2
7928 1
7929 1
7930 2
7931 1
7932 3
7933 2
7934 2
7935 2
7936 3
7937 2
7938 3
7940 3
7941 2
7942 3
7943 1
7944 2
7945 8
7946 4
7947 4
7948 4
7949 3
7950 10
7951 1
7952 1
7953 4
7954 7
7955 2
7956 3
7958 6
7959 3
7960 2
7961 2
7962 20
7963 3
7964 3
7966 2
7967 4
7968 4
7969 3
7970 3
7971 2
7972 4
7973 3
7974 3
7975 3
7976 9
7977 3
7978 3
7979 1
7980 2
7981 2
7982 3
7983 2
7984 1
7985 6
7986 2
7988 3
7989 2
7990 1
7992 8
7993 2
7994 1
7995 3
7996 5
7997 4
7998 1
7999 1
8000 5
8001 1
8003 1
8004 1
8005 1
8006 2
8007 1
8009 1
8010 3
8011 5
8013 1
8014 1
8015 1
8016 1
8017 2
8018 1
8019 2
8020 1
8021 2
8023 1
8024 3
8025 1
8026 1
8027 1
8028 2
8030 1
8031 2
8032 5
8033 2
8034 4
8035 1
8036 1
8037 1
8038 1
8039 4
8040 5
8041 1
8042 4
8043 1
8044 3
8045 1
8046 1
8047 3
8048 1
8049 1
8050 1
8051 1
8052 2
8053 2
8054 1
8055 4
8056 2
8057 1
8058 5
8059 1
8060 3
8061 5
8062 6
8063 2
8064 4
8065 8
8066 7
8067 1
8068 2
8069 3
8070 3
8071 4
8072 1
8073 1
8074 4
8075 2
8076 2
8077 3
8078 1
8079 8
8080 1
8081 1
8082 3
8083 2
8084 1
8085 1
8087 1
8088 2
8089 3
8091 2
8092 3
8093 1
8094 1
8095 3
8096 1
8097 2
8099 1
8100 2
8101 2
8102 2
8104 1
8105 9
8106 1
8107 4
8108 1
8109 1
8110 1
8111 3
8112 3
8113 3
8114 1
8115 4
8116 2
8118 5
8120 1
8121 4
8122 5
8123 1
8124 2
8126 1
8127 1
8128 5
8129 1
8132 2
8133 2
8134 2
8135 1
8136 2
8137 1
8138 1
8139 1
8140 1
8141 4
8142 2
8143 1
8144 1
8145 1
8146 1
8148 2
8150 2
8152 1
8153 3
8154 1
8155 2
8156 2
8157 1
8158 1
8159 1
8160 2
8161 2
8162 2
8163 1
8164 2
8165 19
8166 9
8167 10
8168 4
8169 1
8170 1
8171 2
8172 4
8173 1
8174 3
8175 8
8176 2
8177 4
8178 1
8179 1
8180 2
8181 1
8182 2
8183 6
8184 2
8185 16
8186 2
8187 1
8190 1
8191 3
8192 1
8193 1
8194 1
8196 2
8197 1
8198 1
8199 2
8200 1
8201 3
8202 2
8203 1
8204 1
8205 6
8206 1
8207 2
8208 1
8209 18
8210 2
8211 3
8212 7
8213 2
8214 1
8215 1
8216 1
8217 1
8218 3
8219 2
8220 1
8221 7
8222 1
8223 2
8224 1
8226 2
8227 2
8228 4
8229 3
8230 1
8231 1
8232 3
8233 4
8234 5
8235 5
8236 1
8237 2
8238 4
8239 1
8240 1
8241 3
8242 2
8243 1
8244 1
8245 2
8246 2
8247 3
8248 2
8249 2
8250 1
8251 2
8252 4
8253 1
8255 2
8256 21
8257 10
8258 2
8259 1
8260 2
8261 1
8262 2
8263 2
8264 3
8265 3
8266 2
8268 2
8269 3
8270 1
8271 1
8272 2
8273 3
8274 1
8276 2
8277 2
8278 2
8279 1
8280 3
8281 1
8282 1
8283 1
8284 2
8285 3
8286 2
8287 1
8288 1
8290 4
8291 1
8292 1
8294 16
8295 5
8296 4
8297 3
8298 6
8299 1
8300 5
8301 1
8302 2
8305 5
8306 2
8307 1
8308 1
8309 2
8311 1
8312 1
8314 14
8315 2
8316 1
8317 9
8318 9
8319 4
8320 6
8321 4
8322 1
8323 1
8324 1
8325 3
8326 2
8327 4
8328 1
8329 1
8330 1
8331 3
8332 3
8333 1
8334 32
8335 4
8336 1
8338 2
8339 1
8340 2
8341 1
8342 1
8343 2
8345 3
8346 3
8347 2
8348 1
8349 2
8350 4
8351 1
8352 1
8354 3
8355 2
8356 1
8357 4
8358 3
8359 1
8360 1
8361 3
8362 1
8363 14
8364 2
8365 1
8367 3
8368 2
8369 3
8370 1
8371 1
8372 1
8373 1
8374 4
8375 3
8376 1
8377 2
8378 2
8379 1
8380 1
8381 1
8382 1
8383 1
8384 5
8385 1
8386 1
8388 1
8389 2
8390 2
8391 1
8392 1
8393 1
8394 1
8395 1
8396 1
8397 1
8398 2
8399 1
8400 1
8401 1
8402 1
8403 1
8404 1
8405 1
8406 1
8407 1
8408 1
8410 1
8411 2
8412 2
8413 2
8414 7
8415 2
8416 1
8419 1
8420 2
8421 1
8422 2
8423 2
8424 1
8425 2
8427 1
8428 1
8429 1
8430 1
8431 1
8432 1
8433 2
8434 2
8436 2
8437 2
8438 2
8439 20
8440 4
8441 7
8442 1
8443 1
8444 2
8445 2
8447 1
8448 7
8449 3
8450 2
8451 1
8452 4
8453 1
8454 1
8455 1
8456 17
8457 3
8458 1
8459 1
8460 1
8461 2
8462 1
8464 3
8465 1
8466 2
8467 2
8468 1
8469 1
8470 3
8471 1
8472 1
8473 1
8474 2
8475 1
8476 4
8478 1
8479 1
8481 11
8482 1
8483 1
8484 1
8485 2
8487 5
8488 5
8489 2
8490 2
8491 1
8492 1
8493 1
8494 1
8495 1
8497 1
8498 1
8499 2
8500 1
8501 1
8502 1
8503 2
8504 2
8505 2
8506 2
8507 1
8508 2
8509 3
8510 10
8511 2
8512 4
8513 1
8515 1
8516 3
8518 3
8519 1
8520 2
8521 1
8522 3
8524 1
8525 2
8526 2
8527 2
8528 2
8529 1
8530 3
8531 1
8532 1
8533 1
8534 4
8535 3
8536 1
8537 2
8538 2
8539 2
8541 2
8544 1
8545 1
8546 1
8547 2
8548 2
8550 1
8551 2
8552 4
8553 1
8554 2
8555 5
8556 2
8558 1
8561 1
8562 8
8563 1
8564 1
8565 1
8566 1
8567 1
8568 1
8569 1
8570 1
8571 2
8572 1
8573 4
8574 1
8575 1
8576 9
8577 17
8578 1
8579 1
8582 1
8583 1
8584 2
8585 2
8586 2
8587 1
8588 2
8589 5
8590 1
8591 1
8592 1
8594 1
8595 1
8596 1
8597 2
8598 1
8600 2
8601 1
8602 3
8603 4
8604 6
8605 4
8606 2
8607 3
8608 1
8609 2
8610 1
8611 1
8612 1
8613 2
8614 1
8615 1
8617 2
8619 1
8620 1
8621 1
8622 6
8623 7
8624 1
8626 1
8628 1
8629 6
8630 3
8631 3
8632 2
8633 2
8634 1
8635 1
8636 5
8637 4
8638 1
8639 2
8640 1
8641 1
8642 3
8644 1
8646 3
8647 1
8648 1
8649 1
8650 1
8651 1
8652 1
8653 1
8654 1
8655 6
8656 2
8657 1
8659 1
8660 1
8661 1
8662 1
8663 1
8664 1
8665 1
8666 1
8667 2
8668 1
8669 2
8670 1
8671 1
8672 4
8673 1
8674 1
8675 1
8676 1
8677 1
8679 1
8680 1
8681 2
8683 2
8684 1
8685 1
8686 1
8687 1
8688 4
8689 1
8690 1
8691 1
8692 1
8693 1
8694 1
8698 1
8699 1
8700 1
8701 1
8702 1
8703 1
8705 1
8706 1
8708 1
8709 1
8711 1
8713 1
8714 1
8715 1
8716 1
8717 1
8718 1
8719 1
8720 1
8722 1
8723 1
8724 1
8725 1
8726 1
8727 1
8728 1
8730 1
8731 1
8733 1
