0 9
1 32
2 115
3 244
4 60
5 48
6 34
7 28
8 9
9 118
10 11
11 75
12 729
13 265
14 9
15 120
16 5
17 6
18 17
19 27
20 37
21 38
22 73
23 30
24 107
25 45
26 8
27 7
28 11
29 8
30 10
31 66
32 59
33 13
34 6
35 15
36 30
37 4
38 6
39 72
40 8
41 143
42 66
43 38
44 7
45 27
46 103
47 15
48 55
49 27
50 118
51 106
52 30
53 42
54 187
55 21
56 12
57 12
58 15
59 438
60 433
61 12
62 238
63 18
64 6
65 14
66 20
67 63
68 11
69 33
70 76
71 64
72 20
73 20
74 225
75 245
76 221
77 7
78 22
79 16
80 12
81 6
82 39
83 6
84 14
85 41
86 162
87 57
88 26
89 12
90 14
91 12
92 31
93 49
94 6
95 141
96 147
97 11
98 81
99 107
100 207
101 211
102 153
103 19
104 6
105 10
106 125
107 30
108 11
109 23
110 10
111 39
112 16
113 83
114 101
115 110
116 14
117 42
118 215
119 28
120 56
121 34
122 20
123 28
124 27
125 23
126 27
127 10
128 163
129 31
130 117
131 9
132 15
133 12
134 62
135 4
136 22
137 10
138 65
139 282
140 310
141 20
142 73
143 25
144 18
145 26
146 36
147 31
148 15
149 113
150 28
151 299
152 29
153 112
154 65
155 25
156 137
157 10
158 9
159 7
160 5
161 5
162 15
163 7
164 29
165 128
166 587
167 608
168 61
169 32
170 32
171 9
172 8
173 40
174 21
175 13
176 11
177 9
178 12
179 25
180 18
181 9
182 55
183 21
184 28
185 26
186 36
187 69
188 8
189 55
190 19
191 55
192 6
193 8
194 23
195 6
196 8
197 4
198 25
199 20
200 6
201 42
202 74
203 30
204 39
205 7
206 8
207 136
208 25
209 33
210 9
211 22
212 6
213 72
214 74
215 20
216 292
217 88
218 192
219 24
220 50
221 78
222 144
223 26
224 7
225 50
226 24
227 6
228 11
229 9
230 14
231 428
232 28
233 62
234 201
235 4
236 14
237 308
238 11
239 13
240 155
241 33
242 9
243 7
244 13
245 8
246 119
247 43
248 56
249 12
250 4
251 58
252 7
253 29
254 222
255 34
256 40
257 155
258 28
259 41
260 38
261 23
262 132
263 12
264 12
265 39
266 130
267 251
268 17
269 33
270 18
271 5
272 149
273 15
274 6
275 23
276 18
277 33
278 12
279 8
280 9
281 13
282 45
283 9
284 10
285 14
286 7
287 130
288 8
289 9
290 7
291 9
292 8
293 10
294 4
295 17
296 13
297 30
298 10
299 23
300 208
301 222
302 159
303 70
304 27
305 72
306 18
307 113
308 154
309 73
310 10
311 65
312 13
313 19
314 18
315 99
316 37
317 69
318 50
319 24
320 20
321 5
322 8
323 6
324 38
325 16
326 5
327 17
328 23
329 655
330 336
331 11
332 27
333 14
334 7
335 87
336 491
337 213
338 94
339 22
340 8
341 145
342 13
343 30
344 16
345 67
346 30
347 61
348 40
349 71
350 7
351 175
352 7
353 22
354 22
355 10
356 11
357 19
358 6
359 4
360 14
361 9
362 16
363 5
364 85
365 21
366 113
367 9
368 95
369 30
370 203
371 54
372 7
373 23
374 14
375 18
376 18
377 11
378 29
379 14
380 22
381 10
382 6
383 12
384 12
385 30
386 137
387 13
388 48
389 49
390 11
391 18
392 4
393 8
394 4
395 12
396 6
397 8
398 136
399 247
400 47
401 14
402 20
403 10
404 13
405 16
406 6
407 16
408 78
409 47
410 137
411 40
412 24
413 61
414 7
415 25
416 5
417 16
418 6
419 17
420 7
421 11
422 15
423 12
424 5
425 20
426 6
427 8
428 118
429 32
430 23
431 46
432 5
433 75
434 7
435 6
436 21
437 11
438 8
439 38
440 18
441 23
442 13
443 19
444 113
445 28
446 158
447 170
448 19
449 21
450 97
451 93
452 18
453 17
454 26
455 46
456 43
457 23
458 49
459 9
460 32
461 39
462 23
463 6
464 5
465 20
466 9
467 5
468 45
469 21
470 36
471 34
472 123
473 18
474 4
475 10
476 6
477 5
478 9
479 9
480 15
481 5
482 11
483 6
484 4
485 4
486 5
487 5
488 4
489 69
490 85
491 16
492 146
493 6
494 25
495 29
496 18
497 9
498 15
499 8
500 69
501 38
502 19
503 215
504 16
505 45
506 10
507 164
508 4
509 164
510 15
511 26
512 32
513 16
514 34
515 11
516 11
517 89
518 68
519 5
520 8
521 30
522 202
523 18
524 52
525 63
526 43
527 139
528 58
529 22
530 15
531 7
532 8
533 16
534 11
535 11
536 49
537 32
538 39
539 36
540 46
541 45
542 85
543 9
544 19
545 19
546 6
547 37
548 18
549 179
550 15
551 16
552 37
553 50
554 85
555 92
556 11
557 13
558 10
559 211
560 36
561 66
562 9
563 12
564 10
565 5
566 10
567 6
568 4
569 61
570 11
571 8
572 13
573 5
574 6
575 3
576 14
577 7
578 5
579 27
580 26
581 180
582 40
583 24
584 31
585 52
586 30
587 63
588 15
589 4
590 19
591 13
592 11
593 14
594 7
595 11
596 3
597 240
598 64
599 6
600 23
601 8
602 19
603 7
604 41
605 124
606 66
607 76
608 8
609 36
610 6
611 39
612 32
613 31
614 50
615 18
616 10
617 85
618 11
619 21
620 26
621 14
622 28
623 7
624 6
625 5
626 13
627 12
628 8
629 36
630 16
631 46
632 11
633 11
634 5
635 4
636 13
637 19
638 67
639 5
640 73
641 16
642 32
643 19
644 29
645 32
646 26
647 68
648 14
649 5
650 39
651 71
652 54
653 18
654 7
655 8
656 7
657 11
658 53
659 34
660 10
661 26
662 18
663 29
664 13
665 9
666 20
667 7
668 21
669 9
670 12
671 7
672 108
673 9
674 17
675 22
676 4
677 150
678 249
679 8
680 9
681 39
682 6
683 4
684 48
685 24
686 24
687 12
688 8
689 7
690 21
691 7
692 12
693 58
694 12
695 26
696 7
697 20
698 10
699 36
700 49
701 28
702 82
703 33
704 20
705 9
706 56
707 92
708 32
709 17
710 73
711 43
712 133
713 17
714 7
715 26
716 18
717 11
718 14
719 10
720 14
721 13
722 10
723 7
724 4
725 139
726 9
727 62
728 8
729 17
730 3
731 11
732 7
733 9
734 10
735 15
736 117
737 13
738 16
739 3
740 10
741 19
742 25
743 69
744 6
745 21
746 6
747 11
748 17
749 10
750 24
751 46
752 52
753 17
754 77
755 107
756 77
757 4
758 21
759 5
760 46
761 16
762 23
763 28
764 10
765 12
766 53
767 6
768 6
769 12
770 12
771 18
772 4
773 10
774 5
775 17
776 16
777 4
778 5
779 19
780 7
781 9
782 18
783 15
784 21
785 16
786 10
787 41
788 5
789 5
790 29
791 27
792 21
793 5
794 7
795 10
796 19
797 8
798 4
799 11
800 13
801 13
802 43
803 31
804 6
805 11
806 16
807 16
808 13
809 29
810 18
811 27
812 112
813 32
814 15
815 15
816 23
817 5
818 10
819 5
820 18
821 12
822 14
823 34
824 10
825 6
826 38
827 50
828 36
829 23
830 27
831 39
832 5
833 18
834 10
835 5
836 15
837 30
838 6
839 31
840 4
841 3
842 12
843 6
844 5
845 5
846 24
847 8
848 7
849 4
850 64
851 7
852 20
853 8
854 48
855 18
856 42
857 14
858 32
859 25
860 6
861 55
862 113
863 33
864 16
865 112
866 11
867 10
868 7
869 11
870 128
871 41
872 16
873 59
874 135
875 15
876 40
877 7
878 19
879 17
880 15
881 168
882 25
883 44
884 57
885 6
886 39
887 24
888 4
889 8
890 4
891 11
892 335
893 11
894 88
895 84
896 50
897 24
898 31
899 24
900 30
901 22
902 17
903 40
904 32
905 120
906 7
907 11
908 45
909 10
910 29
911 8
912 6
913 7
914 6
915 5
916 35
917 165
918 89
919 25
920 22
921 18
922 57
923 15
924 7
925 38
926 50
927 83
928 17
929 38
930 8
931 11
932 6
933 11
934 13
935 6
936 31
937 138
938 36
939 66
940 37
941 13
942 35
943 33
944 29
945 32
946 18
947 7
948 35
949 10
950 4
951 12
952 61
953 45
954 24
955 11
956 77
957 51
958 17
959 14
960 5
961 123
962 96
963 54
964 55
965 10
966 21
967 6
968 79
969 6
970 18
971 203
972 43
973 28
974 10
975 114
976 60
977 45
978 13
979 18
980 16
981 3
982 157
983 133
984 348
985 30
986 74
987 26
988 70
989 23
990 25
991 31
992 6
993 70
994 24
995 40
996 21
997 13
998 12
999 33
1000 8
1001 9
1002 35
1003 21
1004 31
1005 49
1006 13
1007 5
1008 24
1009 82
1010 5
1011 29
1012 18
1013 8
1014 19
1015 36
1016 106
1017 53
1018 48
1019 161
1020 5
1021 5
1022 55
1023 14
1024 46
1025 18
1026 31
1027 8
1028 11
1029 16
1030 16
1031 59
1032 32
1033 34
1034 90
1035 9
1036 20
1037 7
1038 22
1039 16
1040 22
1041 129
1042 35
1043 13
1044 24
1045 21
1046 27
1047 10
1048 5
1049 7
1050 65
1051 67
1052 37
1053 56
1054 7
1055 111
1056 19
1057 28
1058 5
1059 4
1060 7
1061 6
1062 22
1063 8
1064 6
1065 8
1066 67
1067 131
1068 61
1069 54
1070 65
1071 93
1072 22
1073 21
1074 72
1075 128
1076 7
1077 5
1078 5
1079 9
1080 8
1081 8
1082 111
1083 54
1084 8
1085 4
1086 10
1087 6
1088 14
1089 7
1090 90
1091 4
1092 6
1093 14
1094 32
1095 5
1096 11
1097 8
1098 6
1099 37
1100 28
1101 13
1102 4
1103 6
1104 9
1105 9
1106 11
1107 9
1108 7
1109 14
1110 28
1111 12
1112 16
1113 103
1114 6
1115 4
1116 17
1117 24
1118 7
1119 49
1120 8
1121 30
1122 31
1123 27
1124 51
1125 5
1126 14
1127 10
1128 5
1129 11
1130 13
1131 5
1132 33
1133 32
1134 9
1135 75
1136 30
1137 50
1138 20
1139 6
1140 24
1141 7
1142 114
1143 6
1144 9
1145 4
1146 73
1147 7
1148 41
1149 36
1150 27
1151 5
1152 26
1153 27
1154 33
1155 31
1156 4
1157 20
1158 7
1159 9
1160 9
1161 5
1162 7
1163 37
1164 37
1165 11
1166 9
1167 19
1168 49
1169 64
1170 77
1171 36
1172 40
1173 51
1174 40
1175 13
1176 14
1177 31
1178 12
1179 13
1180 28
1181 9
1182 4
1183 41
1184 20
1185 13
1186 5
1187 5
1188 11
1189 10
1190 7
1191 38
1192 17
1193 47
1194 5
1195 15
1196 17
1197 44
1198 32
1199 186
1200 120
1201 55
1202 30
1203 93
1204 23
1205 32
1206 32
1207 20
1208 7
1209 30
1210 4
1211 89
1212 14
1213 6
1214 4
1215 11
1216 33
1217 34
1218 8
1219 39
1220 17
1221 19
1222 9
1223 21
1224 19
1225 41
1226 23
1227 31
1228 16
1229 28
1230 11
1231 116
1232 7
1233 37
1234 30
1235 12
1236 5
1237 7
1238 21
1239 13
1240 66
1241 13
1242 9
1243 29
1244 4
1245 5
1246 37
1247 27
1248 51
1249 32
1250 8
1251 18
1252 15
1253 6
1254 14
1255 6
1256 24
1257 6
1258 6
1259 11
1260 12
1261 5
1262 7
1263 16
1264 7
1265 4
1266 45
1267 53
1268 15
1269 16
1270 6
1271 7
1272 9
1273 5
1274 53
1275 7
1276 19
1277 7
1278 47
1279 22
1280 33
1281 8
1282 56
1283 34
1284 37
1285 24
1286 5
1287 12
1288 9
1289 10
1290 6
1291 17
1292 3
1293 15
1294 11
1295 55
1296 24
1297 12
1298 22
1299 10
1300 5
1301 15
1302 13
1303 16
1304 17
1305 20
1306 6
1307 8
1308 10
1309 13
1310 26
1311 12
1312 7
1313 16
1314 6
1315 6
1316 18
1317 44
1318 9
1319 8
1320 6
1321 21
1322 26
1323 6
1324 12
1325 5
1326 59
1327 6
1328 8
1329 8
1330 19
1331 8
1332 10
1333 11
1334 272
1335 46
1336 67
1337 32
1338 93
1339 59
1340 6
1341 76
1342 14
1343 31
1344 3
1345 28
1346 48
1347 42
1348 13
1349 39
1350 6
1351 20
1352 50
1353 9
1354 61
1355 20
1356 54
1357 23
1358 13
1359 9
1360 11
1361 5
1362 64
1363 44
1364 30
1365 16
1366 27
1367 20
1368 13
1369 7
1370 9
1371 6
1372 11
1373 148
1374 115
1375 15
1376 32
1377 13
1378 21
1379 134
1380 80
1381 177
1382 141
1383 29
1384 7
1385 4
1386 36
1387 30
1388 80
1389 28
1390 10
1391 20
1392 36
1393 125
1394 62
1395 35
1396 6
1397 99
1398 20
1399 22
1400 6
1401 13
1402 28
1403 21
1404 7
1405 1566
1406 3147
1407 3177
1408 1578
1409 5
1410 9
1411 218
1412 217
1413 39
1414 36
1415 26
1416 17
1417 9
1418 17
1419 6
1420 17
1421 5
1422 8
1423 6
1424 5
1425 47
1426 4
1427 24
1428 8
1429 22
1430 24
1431 180
1432 48
1433 3
1434 13
1435 15
1436 34
1437 15
1438 7
1439 3
1440 61
1441 26
1442 59
1443 34
1444 10
1445 19
1446 9
1447 22
1448 11
1449 10
1450 14
1451 29
1452 23
1453 7
1454 15
1455 19
1456 16
1457 4
1458 9
1459 4
1460 13
1461 176
1462 32
1463 15
1464 31
1465 28
1466 20
1467 30
1468 89
1469 23
1470 10
1471 11
1472 19
1473 9
1474 8
1475 20
1476 96
1477 12
1478 14
1479 6
1480 7
1481 42
1482 76
1483 44
1484 8
1485 6
1486 67
1487 45
1488 9
1489 10
1490 23
1491 52
1492 39
1493 35
1494 49
1495 56
1496 61
1497 14
1498 24
1499 58
1500 20
1501 126
1502 4
1503 19
1504 80
1505 19
1506 33
1507 26
1508 14
1509 29
1510 61
1511 19
1512 60
1513 49
1514 62
1515 18
1516 11
1517 23
1518 55
1519 7
1520 22
1521 8
1522 5
1523 37
1524 37
1525 31
1526 13
1527 9
1528 23
1529 15
1530 11
1531 13
1532 5
1533 13
1534 9
1535 19
1536 7
1537 10
1538 15
1539 6
1540 9
1541 12
1542 44
1543 45
1544 237
1545 245
1546 35
1547 12
1548 16
1549 37
1550 32
1551 205
1552 11
1553 5
1554 60
1555 9
1556 8
1557 15
1558 29
1559 73
1560 32
1561 5
1562 5
1563 29
1564 6
1565 18
1566 45
1567 35
1568 33
1569 17
1570 5
1571 19
1572 54
1573 12
1574 5
1575 10
1576 12
1577 5
1578 45
1579 10
1580 4
1581 11
1582 24
1583 97
1584 6
1585 29
1586 21
1587 4
1588 24
1589 33
1590 58
1591 5
1592 12
1593 9
1594 10
1595 4
1596 37
1597 30
1598 53
1599 14
1600 47
1601 50
1602 42
1603 10
1604 5
1605 46
1606 46
1607 18
1608 8
1609 9
1610 6
1611 13
1612 9
1613 13
1614 19
1615 56
1616 56
1617 12
1618 20
1619 16
1620 9
1621 19
1622 7
1623 16
1624 11
1625 8
1626 89
1627 42
1628 5
1629 26
1630 34
1631 9
1632 9
1633 59
1634 15
1635 12
1636 29
1637 22
1638 14
1639 27
1640 25
1641 18
1642 6
1643 19
1644 11
1645 23
1646 7
1647 52
1648 11
1649 147
1650 120
1651 5
1652 12
1653 112
1654 13
1655 6
1656 76
1657 55
1658 18
1659 31
1660 7
1661 10
1662 12
1663 11
1664 9
1665 7
1666 7
1667 4
1668 5
1669 35
1670 15
1671 5
1672 27
1673 15
1674 5
1675 58
1676 57
1677 18
1678 39
1679 165
1680 51
1681 35
1682 11
1683 15
1684 7
1685 70
1686 54
1687 4
1688 23
1689 113
1690 6
1691 45
1692 52
1693 13
1694 7
1695 4
1696 37
1697 29
1698 11
1699 59
1700 33
1701 14
1702 12
1703 12
1704 12
1705 8
1706 82
1707 48
1708 23
1709 5
1710 22
1711 7
1712 41
1713 56
1714 10
1715 8
1716 10
1717 44
1718 5
1719 6
1720 4
1721 26
1722 9
1723 11
1724 4
1725 96
1726 7
1727 9
1728 44
1729 225
1730 163
1731 54
1732 11
1733 5
1734 89
1735 93
1736 5
1737 321
1738 127
1739 24
1740 34
1741 12
1742 64
1743 8
1744 33
1745 8
1746 42
1747 5
1748 24
1749 9
1750 18
1751 5
1752 10
1753 3
1754 37
1755 9
1756 34
1757 8
1758 4
1759 15
1760 33
1761 86
1762 4
1763 12
1764 10
1765 11
1766 14
1767 93
1768 7
1769 22
1770 40
1771 90
1772 21
1773 13
1774 15
1775 52
1776 7
1777 16
1778 24
1779 64
1780 7
1781 44
1782 13
1783 5
1784 78
1785 47
1786 5
1787 6
1788 6
1789 13
1790 41
1791 14
1792 27
1793 10
1794 16
1795 6
1796 12
1797 95
1798 5
1799 16
1800 6
1801 7
1802 16
1803 25
1804 9
1805 4
1806 37
1807 4
1808 8
1809 7
1810 44
1811 8
1812 38
1813 18
1814 9
1815 5
1816 8
1817 5
1818 21
1819 8
1820 46
1821 7
1822 14
1823 31
1824 20
1825 6
1826 4
1827 8
1828 15
1829 42
1830 5
1831 8
1832 71
1833 13
1834 19
1835 26
1836 9
1837 31
1838 20
1839 53
1840 16
1841 38
1842 16
1843 24
1844 49
1845 28
1846 15
1847 22
1848 12
1849 23
1850 10
1851 5
1852 26
1853 23
1854 16
1855 14
1856 5
1857 29
1858 5
1859 30
1860 24
1861 11
1862 11
1863 7
1864 7
1865 16
1866 12
1867 14
1868 8
1869 22
1870 28
1871 28
1872 6
1873 4
1874 21
1875 25
1876 13
1877 93
1878 18
1879 28
1880 25
1881 16
1882 11
1883 58
1884 62
1885 17
1886 19
1887 16
1888 32
1889 6
1890 10
1891 25
1892 53
1893 93
1894 13
1895 12
1896 25
1897 5
1898 9
1899 6
1900 6
1901 5
1902 3
1903 6
1904 6
1905 4
1906 40
1907 14
1908 16
1909 5
1910 25
1911 6
1912 40
1913 51
1914 11
1915 8
1916 17
1917 6
1918 5
1919 8
1920 6
1921 6
1922 61
1923 7
1924 10
1925 116
1926 15
1927 10
1928 9
1929 6
1930 42
1931 9
1932 10
1933 5
1934 24
1935 7
1936 7
1937 5
1938 12
1939 60
1940 8
1941 24
1942 39
1943 6
1944 5
1945 14
1946 3
1947 14
1948 14
1949 6
1950 32
1951 7
1952 2
1953 11
1954 20
1955 12
1956 4
1957 87
1958 53
1959 11
1960 9
1961 8
1962 29
1963 34
1964 8
1965 12
1966 6
1967 14
1968 17
1969 41
1970 190
1971 9
1972 24
1973 56
1974 56
1975 30
1976 14
1977 5
1978 8
1979 49
1980 53
1981 15
1982 6
1983 39
1984 6
1985 38
1986 17
1987 8
1988 20
1989 41
1990 10
1991 49
1992 20
1993 10
1994 52
1995 9
1996 6
1997 7
1998 198
1999 203
2000 122
2001 10
2002 18
2003 10
2004 12
2005 179
2006 14
2007 14
2008 7
2009 6
2010 5
2011 94
2012 9
2013 55
2014 72
2015 17
2016 14
2017 32
2018 12
2019 19
2020 41
2021 6
2022 5
2023 5
2024 7
2025 33
2026 11
2027 5
2028 4
2029 5
2030 5
2031 10
2032 110
2033 32
2034 13
2035 34
2036 43
2037 8
2038 7
2039 23
2040 26
2041 9
2042 53
2043 15
2044 28
2045 26
2046 72
2047 8
2048 27
2049 26
2050 9
2051 19
2052 26
2053 9
2054 4
2055 4
2056 27
2057 26
2058 4
2059 25
2060 7
2061 5
2062 7
2063 7
2064 22
2065 12
2066 10
2067 6
2068 17
2069 6
2070 12
2071 5
2072 12
2073 4
2074 21
2075 9
2076 10
2077 23
2078 11
2079 15
2080 11
2081 5
2082 5
2083 6
2084 8
2085 16
2086 29
2087 9
2088 40
2089 58
2090 20
2091 26
2092 5
2093 5
2094 5
2095 15
2096 6
2097 7
2098 5
2099 11
2100 26
2101 7
2102 9
2103 4
2104 36
2105 20
2106 11
2107 21
2108 10
2109 14
2110 6
2111 10
2112 20
2113 11
2114 117
2115 17
2116 53
2117 37
2118 48
2119 21
2120 7
2121 14
2122 10
2123 6
2124 29
2125 6
2126 40
2127 20
2128 14
2129 7
2130 27
2131 12
2132 26
2133 8
2134 7
2135 6
2136 147
2137 14
2138 200
2139 8
2140 15
2141 8
2142 16
2143 33
2144 23
2145 11
2146 28
2147 61
2148 7
2149 7
2150 21
2151 5
2152 10
2153 22
2154 16
2155 4
2156 43
2157 12
2158 34
2159 7
2160 20
2161 36
2162 7
2163 6
2164 7
2165 6
2166 60
2167 10
2168 10
2169 11
2170 8
2171 17
2172 33
2173 13
2174 13
2175 14
2176 38
2177 32
2178 28
2179 15
2180 40
2181 18
2182 9
2183 13
2184 10
2185 5
2186 10
2187 17
2188 29
2189 19
2190 9
2191 37
2192 4
2193 5
2194 26
2195 34
2196 40
2197 45
2198 17
2199 5
2200 3
2201 24
2202 8
2203 6
2204 6
2205 12
2206 7
2207 9
2208 25
2209 17
2210 43
2211 35
2212 6
2213 11
2214 10
2215 10
2216 7
2217 5
2218 10
2219 10
2220 15
2221 8
2222 5
2223 3
2224 6
2225 6
2226 15
2227 4
2228 36
2229 16
2230 22
2231 7
2232 6
2233 5
2234 33
2235 67
2236 54
2237 119
2238 51
2239 13
2240 75
2241 198
2242 86
2243 17
2244 137
2245 5
2246 52
2247 51
2248 61
2249 401
2250 197
2251 199
2252 356
2253 29
2254 10
2255 22
2256 6
2257 66
2258 17
2259 8
2260 59
2261 12
2262 927
2263 7
2264 23
2265 38
2266 41
2267 83
2268 70
2269 85
2270 83
2271 5
2272 82
2273 20
2274 38
2275 132
2276 5
2277 41
2278 31
2279 25
2280 17
2281 43
2282 129
2283 48
2284 18
2285 27
2286 46
2287 13
2288 73
2289 52
2290 185
2291 9
2292 16
2293 5
2294 80
2295 49
2296 8
2297 39
2298 31
2299 19
2300 8
2301 24
2302 84
2303 120
2304 34
2305 10
2306 20
2307 50
2308 7
2309 12
2310 4
2311 10
2312 19
2313 10
2314 7
2315 55
2316 41
2317 13
2318 6
2319 14
2320 36
2321 6
2322 275
2323 22
2324 8
2325 44
2326 12
2327 22
2328 43
2329 73
2330 8
2331 20
2332 5
2333 6
2334 4
2335 6
2336 25
2337 5
2338 23
2339 82
2340 49
2341 10
2342 20
2343 26
2344 5
2345 4
2346 15
2347 9
2348 6
2349 39
2350 19
2351 21
2352 5
2353 135
2354 6
2355 41
2356 12
2357 10
2358 24
2359 134
2360 34
2361 15
2362 40
2363 16
2364 16
2365 12
2366 6
2367 24
2368 13
2369 5
2370 51
2371 5
2372 13
2373 8
2374 49
2375 26
2376 83
2377 26
2378 27
2379 23
2380 15
2381 29
2382 8
2383 5
2384 10
2385 8
2386 6
2387 5
2388 8
2389 12
2390 7
2391 17
2392 6
2393 4
2394 5
2395 23
2396 29
2397 156
2398 54
2399 10
2400 5
2401 25
2402 6
2403 6
2404 18
2405 8
2406 29
2407 10
2408 11
2409 8
2410 14
2411 30
2412 12
2413 17
2414 23
2415 52
2416 19
2417 15
2418 22
2419 6
2420 26
2421 39
2422 9
2423 28
2424 7
2425 5
2426 5
2427 20
2428 182
2429 172
2430 128
2431 35
2432 8
2433 13
2434 16
2435 6
2436 13
2437 7
2438 69
2439 46
2440 17
2441 44
2442 13
2443 7
2444 7
2445 5
2446 5
2447 7
2448 5
2449 5
2450 48
2451 9
2452 18
2453 10
2454 13
2455 5
2456 26
2457 17
2458 16
2459 17
2460 26
2461 70
2462 26
2463 32
2464 27
2465 15
2466 8
2467 50
2468 80
2469 11
2470 14
2471 5
2472 9
2473 3
2474 28
2475 5
2476 4
2477 14
2478 103
2479 106
2480 56
2481 11
2482 10
2483 9
2484 28
2485 23
2486 21
2487 21
2488 7
2489 46
2490 17
2491 5
2492 8
2493 18
2494 4
2495 19
2496 43
2497 7
2498 9
2499 10
2500 21
2501 27
2502 118
2503 118
2504 6
2505 15
2506 11
2507 17
2508 35
2509 22
2510 10
2511 9
2512 11
2513 9
2514 75
2515 71
2516 18
2517 4
2518 14
2519 3
2520 5
2521 18
2522 24
2523 4
2524 12
2525 11
2526 10
2527 14
2528 13
2529 14
2530 10
2531 3
2532 5
2533 8
2534 28
2535 4
2536 8
2537 26
2538 31
2539 140
2540 131
2541 131
2542 54
2543 32
2544 6
2545 11
2546 26
2547 32
2548 5
2549 9
2550 11
2551 19
2552 55
2553 6
2554 48
2555 18
2556 8
2557 76
2558 8
2559 27
2560 9
2561 3
2562 20
2563 22
2564 5
2565 11
2566 5
2567 4
2568 17
2569 19
2570 14
2571 4
2572 4
2573 12
2574 5
2575 21
2576 9
2577 42
2578 20
2579 6
2580 20
2581 30
2582 13
2583 7
2584 18
2585 8
2586 3
2587 13
2588 9
2589 20
2590 10
2591 10
2592 37
2593 5
2594 8
2595 5
2596 8
2597 36
2598 10
2599 13
2600 22
2601 12
2602 21
2603 9
2604 12
2605 9
2606 8
2607 56
2608 15
2609 25
2610 36
2611 36
2612 7
2613 34
2614 7
2615 18
2616 22
2617 6
2618 7
2619 10
2620 18
2621 7
2622 103
2623 7
2624 35
2625 8
2626 45
2627 11
2628 17
2629 15
2630 47
2631 10
2632 23
2633 15
2634 2
2635 20
2636 6
2637 6
2638 11
2639 13
2640 7
2641 17
2642 19
2643 7
2644 9
2645 5
2646 5
2647 20
2648 14
2649 41
2650 7
2651 5
2652 6
2653 5
2654 62
2655 33
2656 20
2657 18
2658 20
2659 22
2660 8
2661 4
2662 10
2663 4
2664 10
2665 106
2666 10
2667 15
2668 8
2669 7
2670 5
2671 3
2672 9
2673 10
2674 39
2675 8
2676 5
2677 6
2678 7
2679 20
2680 10
2681 5
2682 9
2683 7
2684 7
2685 7
2686 16
2687 17
2688 5
2689 22
2690 19
2691 67
2692 22
2693 12
2694 26
2695 19
2696 10
2697 19
2698 7
2699 20
2700 12
2701 15
2702 18
2703 6
2704 13
2705 16
2706 5
2707 8
2708 5
2709 16
2710 6
2711 11
2712 19
2713 38
2714 86
2715 88
2716 18
2717 22
2718 19
2719 21
2720 10
2721 6
2722 7
2723 6
2724 11
2725 95
2726 70
2727 7
2728 11
2729 14
2730 9
2731 13
2732 6
2733 56
2734 15
2735 42
2736 4
2737 7
2738 9
2739 67
2740 3
2741 7
2742 8
2743 4
2744 21
2745 12
2746 21
2747 5
2748 65
2749 17
2750 12
2751 8
2752 6
2753 38
2754 28
2755 5
2756 435
2757 29
2758 21
2759 10
2760 7
2761 19
2762 5
2763 12
2764 7
2765 46
2766 17
2767 5
2768 13
2769 20
2770 57
2771 17
2772 8
2773 5
2774 28
2775 7
2776 4
2777 15
2778 26
2779 42
2780 104
2781 7
2782 3
2783 6
2784 8
2785 5
2786 107
2787 6
2788 7
2789 12
2790 14
2791 6
2792 47
2793 5
2794 8
2795 5
2796 12
2797 20
2798 33
2799 10
2800 5
2801 11
2802 31
2803 7
2804 19
2805 17
2806 37
2807 6
2808 18
2809 4
2810 5
2811 11
2812 24
2813 21
2814 17
2815 22
2816 9
2817 5
2818 19
2819 14
2820 21
2821 11
2822 16
2823 64
2824 36
2825 6
2826 4
2827 6
2828 32
2829 17
2830 18
2831 11
2832 12
2833 56
2834 14
2835 20
2836 59
2837 15
2838 5
2839 15
2840 6
2841 23
2842 6
2843 9
2844 156
2845 13
2846 14
2847 33
2848 9
2849 67
2850 22
2851 5
2852 33
2853 27
2854 46
2855 5
2856 5
2857 75
2858 22
2859 9
2860 11
2861 3
2862 6
2863 3
2864 80
2865 20
2866 8
2867 4
2868 25
2869 71
2870 8
2871 15
2872 18
2873 29
2874 5
2875 34
2876 11
2877 29
2878 9
2879 42
2880 51
2881 6
2882 4
2883 35
2884 38
2885 5
2886 30
2887 25
2888 18
2889 11
2890 10
2891 30
2892 8
2893 42
2894 46
2895 35
2896 14
2897 15
2898 151
2899 10
2900 5
2901 41
2902 17
2903 20
2904 60
2905 9
2906 6
2907 7
2908 14
2909 5
2910 5
2911 6
2912 7
2913 12
2914 5
2915 20
2916 19
2917 19
2918 5
2919 9
2920 19
2921 23
2922 19
2923 8
2924 6
2925 6
2926 38
2927 27
2928 22
2929 39
2930 9
2931 56
2932 21
2933 26
2934 19
2935 48
2936 19
2937 28
2938 29
2939 8
2940 16
2941 69
2942 104
2943 22
2944 6
2945 5
2946 5
2947 13
2948 6
2949 7
2950 8
2951 16
2952 7
2953 5
2954 29
2955 11
2956 25
2957 8
2958 5
2959 5
2960 117
2961 30
2962 161
2963 17
2964 10
2965 22
2966 13
2967 7
2968 41
2969 5
2970 5
2971 9
2972 12
2973 8
2974 7
2975 5
2976 12
2977 6
2978 34
2979 11
2980 5
2981 7
2982 11
2983 21
2984 10
2985 54
2986 23
2987 12
2988 5
2989 5
2990 31
2991 7
2992 12
2993 8
2994 6
2995 6
2996 12
2997 17
2998 6
2999 7
3000 13
3001 19
3002 15
3003 17
3004 45
3005 11
3006 25
3007 15
3008 6
3009 23
3010 5
3011 5
3012 24
3013 6
3014 42
3015 18
3016 12
3017 8
3018 3
3019 4
3020 22
3021 6
3022 11
3023 14
3024 26
3025 4
3026 3
3027 5
3028 6
3029 20
3030 5
3031 11
3032 34
3033 5
3034 32
3035 8
3036 13
3037 10
3038 8
3039 11
3040 6
3041 6
3042 5
3043 12
3044 8
3045 11
3046 5
3047 19
3048 3
3049 11
3050 22
3051 15
3052 4
3053 4
3054 12
3055 52
3056 23
3057 5
3058 8
3059 12
3060 295
3061 12
3062 14
3063 20
3064 13
3065 19
3066 8
3067 11
3068 8
3069 16
3070 15
3071 24
3072 45
3073 23
3074 6
3075 5
3076 13
3077 4
3078 7
3079 17
3080 25
3081 6
3082 7
3083 5
3084 5
3085 27
3086 9
3087 5
3088 12
3089 6
3090 12
3091 30
3092 5
3093 7
3094 11
3095 12
3096 3
3097 5
3098 7
3099 5
3100 26
3101 6
3102 12
3103 24
3104 88
3105 22
3106 56
3107 4
3108 14
3109 38
3110 19
3111 6
3112 4
3113 10
3114 8
3115 19
3116 5
3117 22
3118 59
3119 6
3120 18
3121 11
3122 8
3123 27
3124 3
3125 9
3126 6
3127 6
3128 9
3129 8
3130 11
3131 8
3132 14
3133 11
3134 5
3135 29
3136 6
3137 9
3138 5
3139 4
3140 23
3141 17
3142 10
3143 14
3144 2
3145 40
3146 6
3147 6
3148 51
3149 4
3150 6
3151 8
3152 15
3153 41
3154 42
3155 5
3156 6
3157 7
3158 12
3159 19
3160 7
3161 5
3162 10
3163 74
3164 6
3165 19
3166 5
3167 5
3168 10
3169 8
3170 9
3171 8
3172 7
3173 4
3174 10
3175 5
3176 11
3177 9
3178 7
3179 6
3180 23
3181 19
3182 13
3183 16
3184 12
3185 40
3186 14
3187 15
3188 13
3189 5
3190 17
3191 9
3192 7
3193 16
3194 100
3195 66
3196 7
3197 29
3198 5
3199 28
3200 9
3201 19
3202 52
3203 25
3204 5
3205 20
3206 8
3207 5
3208 9
3209 12
3210 10
3211 7
3212 5
3213 67
3214 78
3215 7
3216 7
3217 14
3218 25
3219 6
3220 42
3221 15
3222 5
3223 5
3224 26
3225 14
3226 5
3227 5
3228 17
3229 35
3230 11
3231 13
3232 8
3233 11
3234 16
3235 8
3236 9
3237 14
3238 8
3239 7
3240 12
3241 6
3242 5
3243 15
3244 5
3245 12
3246 7
3247 8
3248 61
3249 17
3250 57
3251 5
3252 9
3253 37
3254 8
3255 22
3256 8
3257 13
3258 6
3259 7
3260 15
3261 5
3262 6
3263 10
3264 20
3265 10
3266 7
3267 10
3268 10
3269 6
3270 28
3271 21
3272 17
3273 7
3274 6
3275 39
3276 10
3277 13
3278 11
3279 11
3280 49
3281 19
3282 5
3283 10
3284 9
3285 4
3286 16
3287 44
3288 21
3289 8
3290 15
3291 6
3292 9
3293 12
3294 9
3295 17
3296 6
3297 4
3298 31
3299 9
3300 5
3301 8
3302 8
3303 6
3304 6
3305 11
3306 15
3307 4
3308 8
3309 11
3310 4
3311 6
3312 13
3313 53
3314 18
3315 20
3316 38
3317 8
3318 7
3319 13
3320 5
3321 5
3322 5
3323 5
3324 21
3325 8
3326 11
3327 4
3328 26
3329 4
3330 26
3331 15
3332 15
3333 5
3334 6
3335 38
3336 28
3337 5
3338 14
3339 37
3340 16
3341 17
3342 5
3343 39
3344 17
3345 3
3346 11
3347 10
3348 65
3349 6
3350 24
3351 11
3352 5
3353 27
3354 23
3355 10
3356 52
3357 22
3358 20
3359 15
3360 9
3361 4
3362 7
3363 7
3364 19
3365 15
3366 10
3367 7
3368 8
3369 12
3370 90
3371 26
3372 36
3373 34
3374 18
3375 36
3376 20
3377 12
3378 135
3379 8
3380 14
3381 12
3382 8
3383 16
3384 15
3385 13
3386 13
3387 15
3388 7
3389 42
3390 3
3391 10
3392 7
3393 18
3394 27
3395 9
3396 19
3397 16
3398 9
3399 10
3400 21
3401 4
3402 53
3403 8
3404 13
3405 28
3406 11
3407 12
3408 11
3409 8
3410 16
3411 5
3412 10
3413 7
3414 5
3415 4
3416 6
3417 10
3418 7
3419 21
3420 13
3421 10
3422 8
3423 15
3424 41
3425 15
3426 5
3427 8
3428 25
3429 17
3430 9
3431 6
3432 19
3433 28
3434 15
3435 28
3436 53
3437 26
3438 16
3439 18
3440 39
3441 9
3442 6
3443 16
3444 25
3445 11
3446 21
3447 24
3448 13
3449 14
3450 5
3451 9
3452 10
3453 6
3454 9
3455 5
3456 7
3457 7
3458 9
3459 144
3460 12
3461 12
3462 6
3463 6
3464 4
3465 5
3466 6
3467 18
3468 23
3469 16
3470 8
3471 20
3472 21
3473 11
3474 4
3475 5
3476 6
3477 11
3478 4
3479 14
3480 7
3481 4
3482 5
3483 6
3484 8
3485 11
3486 26
3487 9
3488 13
3489 6
3490 24
3491 12
3492 6
3493 7
3494 17
3495 8
3496 7
3497 11
3498 18
3499 11
3500 17
3501 22
3502 13
3503 5
3504 7
3505 14
3506 25
3507 26
3508 7
3509 4
3510 24
3511 10
3512 22
3513 9
3514 4
3515 29
3516 18
3517 6
3518 12
3519 5
3520 17
3521 11
3522 7
3523 6
3524 12
3525 12
3526 12
3527 65
3528 9
3529 4
3530 5
3531 34
3532 21
3533 7
3534 39
3535 15
3536 9
3537 11
3538 29
3539 28
3540 10
3541 17
3542 10
3543 29
3544 88
3545 56
3546 7
3547 16
3548 48
3549 27
3550 14
3551 30
3552 65
3553 19
3554 24
3555 19
3556 5
3557 6
3558 30
3559 5
3560 11
3561 7
3562 52
3563 110
3564 21
3565 4
3566 37
3567 7
3568 81
3569 7
3570 26
3571 13
3572 9
3573 5
3574 10
3575 5
3576 16
3577 5
3578 21
3579 46
3580 7
3581 7
3582 8
3583 10
3584 35
3585 36
3586 10
3587 46
3588 4
3589 44
3590 17
3591 17
3592 6
3593 27
3594 35
3595 22
3596 58
3597 22
3598 4
3599 41
3600 31
3601 5
3602 6
3603 14
3604 106
3605 33
3606 14
3607 8
3608 5
3609 9
3610 6
3611 15
3612 7
3613 5
3614 5
3615 5
3616 5
3617 17
3618 12
3619 8
3620 34
3621 8
3622 5
3623 6
3624 6
3625 17
3626 12
3627 14
3628 9
3629 6
3630 6
3631 24
3632 5
3633 7
3634 6
3635 50
3636 26
3637 67
3638 12
3639 98
3640 7
3641 22
3642 7
3643 5
3644 4
3645 21
3646 23
3647 8
3648 11
3649 4
3650 20
3651 22
3652 42
3653 39
3654 20
3655 19
3656 14
3657 20
3658 64
3659 25
3660 36
3661 5
3662 96
3663 25
3664 8
3665 27
3666 11
3667 4
3668 29
3669 16
3670 5
3671 20
3672 21
3673 26
3674 25
3675 26
3676 10
3677 78
3678 5
3679 46
3680 8
3681 7
3682 19
3683 26
3684 6
3685 5
3686 33
3687 5
3688 14
3689 12
3690 30
3691 26
3692 43
3693 22
3694 31
3695 19
3696 75
3697 17
3698 10
3699 17
3700 9
3701 5
3702 5
3703 4
3704 22
3705 24
3706 12
3707 29
3708 120
3709 28
3710 16
3711 13
3712 19
3713 15
3714 32
3715 5
3716 72
3717 13
3718 19
3719 26
3720 26
3721 17
3722 12
3723 24
3724 12
3725 8
3726 10
3727 7
3728 5
3729 4
3730 7
3731 6
3732 4
3733 10
3734 5
3735 4
3736 8
3737 17
3738 5
3739 6
3740 16
3741 7
3742 23
3743 17
3744 7
3745 14
3746 28
3747 7
3748 7
3749 5
3750 11
3751 5
3752 8
3753 18
3754 20
3755 67
3756 67
3757 19
3758 14
3759 8
3760 18
3761 5
3762 8
3763 5
3764 43
3765 29
3766 63
3767 15
3768 16
3769 5
3770 9
3771 9
3772 8
3773 9
3774 27
3775 91
3776 15
3777 21
3778 9
3779 17
3780 6
3781 4
3782 18
3783 79
3784 25
3785 4
3786 32
3787 10
3788 36
3789 19
3790 5
3791 5
3792 27
3793 65
3794 12
3795 138
3796 7
3797 4
3798 50
3799 49
3800 5
3801 20
3802 8
3803 7
3804 5
3805 6
3806 7
3807 17
3808 7
3809 77
3810 16
3811 24
3812 7
3813 24
3814 12
3815 33
3816 26
3817 31
3818 16
3819 31
3820 14
3821 13
3822 13
3823 16
3824 9
3825 14
3826 5
3827 8
3828 7
3829 13
3830 11
3831 60
3832 12
3833 5
3834 9
3835 16
3836 9
3837 6
3838 6
3839 7
3840 11
3841 7
3842 10
3843 9
3844 29
3845 9
3846 16
3847 13
3848 7
3849 8
3850 7
3851 20
3852 28
3853 6
3854 18
3855 5
3856 4
3857 3
3858 22
3859 4
3860 4
3861 6
3862 12
3863 4
3864 10
3865 16
3866 16
3867 4
3868 8
3869 62
3870 53
3871 9
3872 5
3873 14
3874 42
3875 6
3876 17
3877 33
3878 31
3879 23
3880 81
3881 25
3882 99
3883 24
3884 30
3885 10
3886 10
3887 12
3888 20
3889 25
3890 11
3891 17
3892 6
3893 5
3894 15
3895 7
3896 15
3897 7
3898 7
3899 5
3900 5
3901 6
3902 5
3903 8
3904 5
3905 5
3906 11
3907 17
3908 28
3909 4
3910 12
3911 10
3912 37
3913 11
3914 4
3915 127
3916 42
3917 22
3918 28
3919 16
3920 7
3921 77
3922 6
3923 38
3924 11
3925 18
3926 20
3927 10
3928 9
3929 45
3930 22
3931 28
3932 26
3933 21
3934 17
3935 34
3936 4
3937 4
3938 30
3939 5
3940 6
3941 10
3942 112
3943 5
3944 8
3945 15
3946 22
3947 20
3948 11
3949 5
3950 38
3951 8
3952 17
3953 5
3954 4
3955 20
3956 15
3957 59
3958 9
3959 4
3960 10
3961 10
3962 31
3963 16
3964 14
3965 20
3966 10
3967 9
3968 24
3969 13
3970 9
3971 64
3972 19
3973 40
3974 31
3975 19
3976 14
3977 20
3978 6
3979 31
3980 7
3981 9
3982 7
3983 16
3984 18
3985 19
3986 76
3987 5
3988 6
3989 13
3990 7
3991 6
3992 5
3993 11
3994 23
3995 8
3996 8
3997 6
3998 10
3999 9
4000 5
4001 11
4002 20
4003 4
4004 42
4005 86
4006 12
4007 19
4008 55
4009 12
4010 7
4011 6
4012 5
4013 9
4014 6
4015 14
4016 9
4017 8
4018 6
4019 11
4020 12
4021 11
4022 9
4023 5
4024 26
4025 9
4026 88
4027 35
4028 31
4029 12
4030 11
4031 10
4032 16
4033 24
4034 23
4035 5
4036 16
4037 15
4038 14
4039 9
4040 30
4041 19
4042 18
4043 37
4044 13
4045 33
4046 10
4047 7
4048 9
4049 8
4050 12
4051 19
4052 6
4053 17
4054 6
4055 27
4056 24
4057 3
4058 18
4059 21
4060 9
4061 36
4062 30
4063 22
4064 6
4065 13
4066 8
4067 6
4068 6
4069 9
4070 26
4071 7
4072 25
4073 15
4074 7
4075 24
4076 4
4077 16
4078 23
4079 4
4080 5
4081 14
4082 7
4083 9
4084 22
4085 8
4086 6
4087 11
4088 9
4089 20
4090 7
4091 15
4092 15
4093 19
4094 6
4095 5
4096 6
4097 4
4098 8
4099 15
4100 10
4101 13
4102 4
4103 5
4104 5
4105 8
4106 7
4107 7
4108 13
4109 8
4110 10
4111 6
4112 8
4113 4
4114 57
4115 14
4116 24
4117 31
4118 5
4119 19
4120 11
4121 6
4122 14
4123 24
4124 111
4125 6
4126 31
4127 10
4128 10
4129 17
4130 18
4131 18
4132 25
4133 5
4134 4
4135 5
4136 5
4137 6
4138 19
4139 7
4140 9
4141 6
4142 2
4143 5
4144 43
4145 49
4146 48
4147 5
4148 11
4149 5
4150 8
4151 26
4152 6
4153 25
4154 7
4155 23
4156 7
4157 12
4158 6
4159 6
4160 84
4161 4
4162 14
4163 22
4164 6
4165 4
4166 25
4167 8
4168 23
4169 4
4170 5
4171 5
4172 7
4173 4
4174 4
4175 31
4176 10
4177 12
4178 10
4179 6
4180 35
4181 8
4182 14
4183 25
4184 5
4185 8
4186 11
4187 5
4188 34
4189 11
4190 7
4191 8
4192 9
4193 43
4194 14
4195 16
4196 4
4197 16
4198 10
4199 11
4200 48
4201 11
4202 24
4203 3
4204 11
4205 5
4206 24
4207 6
4208 8
4209 5
4210 12
4211 12
4212 8
4213 8
4214 6
4215 7
4216 4
4217 19
4218 6
4219 12
4220 5
4221 41
4222 12
4223 25
4224 5
4225 13
4226 31
4227 6
4228 7
4229 24
4230 23
4231 5
4232 5
4233 14
4234 14
4235 16
4236 18
4237 42
4238 6
4239 11
4240 9
4241 17
4242 10
4243 40
4244 7
4245 68
4246 28
4247 15
4248 14
4249 13
4250 5
4251 5
4252 6
4253 9
4254 8
4255 16
4256 69
4257 12
4258 18
4259 12
4260 7
4261 12
4262 42
4263 52
4264 29
4265 22
4266 7
4267 52
4268 11
4269 3
4270 24
4271 4
4272 4
4273 10
4274 10
4275 18
4276 17
4277 3
4278 4
4279 9
4280 14
4281 25
4282 14
4283 8
4284 8
4285 13
4286 13
4287 12
4288 19
4289 4
4290 14
4291 8
4292 15
4293 5
4294 5
4295 5
4296 6
4297 69
4298 23
4299 8
4300 15
4301 8
4302 11
4303 11
4304 9
4305 27
4306 12
4307 12
4308 5
4309 9
4310 8
4311 19
4312 16
4313 14
4314 5
4315 7
4316 4
4317 35
4318 28
4319 8
4320 4
4321 13
4322 5
4323 42
4324 7
4325 12
4326 6
4327 7
4328 11
4329 28
4330 10
4331 12
4332 6
4333 10
4334 13
4335 10
4336 8
4337 13
4338 6
4339 6
4340 12
4341 12
4342 9
4343 5
4344 40
4345 9
4346 22
4347 11
4348 9
4349 11
4350 6
4351 8
4352 13
4353 10
4354 11
4355 5
4356 33
4357 10
4358 13
4359 23
4360 13
4361 9
4362 7
4363 11
4364 8
4365 7
4366 5
4367 5
4368 7
4369 11
4370 20
4371 32
4372 5
4373 14
4374 14
4375 6
4376 9
4377 9
4378 13
4379 18
4380 5
4381 5
4382 5
4383 103
4384 25
4385 14
4386 15
4387 3
4388 8
4389 27
4390 44
4391 26
4392 22
4393 6
4394 5
4395 15
4396 9
4397 5
4398 10
4399 8
4400 6
4401 8
4402 16
4403 5
4404 17
4405 8
4406 23
4407 10
4408 4
4409 25
4410 43
4411 52
4412 5
4413 16
4414 6
4415 6
4416 5
4417 25
4418 12
4419 7
4420 4
4421 7
4422 5
4423 11
4424 22
4425 10
4426 15
4427 11
4428 9
4429 3
4430 18
4431 4
4432 5
4433 5
4434 5
4435 6
4436 21
4437 5
4438 5
4439 11
4440 15
4441 17
4442 27
4443 5
4444 52
4445 12
4446 9
4447 29
4448 11
4449 8
4450 9
4451 24
4452 15
4453 5
4454 5
4455 7
4456 14
4457 10
4458 13
4459 2
4460 8
4461 16
4462 4
4463 8
4464 8
4465 5
4466 4
4467 8
4468 10
4469 11
4470 14
4471 4
4472 13
4473 9
4474 41
4475 11
4476 13
4477 12
4478 12
4479 10
4480 5
4481 19
4482 9
4483 6
4484 13
4485 6
4486 5
4487 11
4488 7
4489 6
4490 9
4491 8
4492 5
4493 14
4494 9
4495 20
4496 22
4497 14
4498 4
4499 18
4500 5
4501 5
4502 5
4503 8
4504 8
4505 10
4506 3
4507 5
4508 11
4509 7
4510 9
4511 6
4512 22
4513 23
4514 7
4515 7
4516 4
4517 15
4518 26
4519 25
4520 10
4521 5
4522 7
4523 45
4524 4
4525 18
4526 6
4527 8
4528 8
4529 5
4530 4
4531 7
4532 44
4533 18
4534 17
4535 8
4536 9
4537 8
4538 9
4539 22
4540 4
4541 6
4542 31
4543 5
4544 6
4545 4
4546 73
4547 18
4548 5
4549 7
4550 6
4551 4
4552 5
4553 7
4554 11
4555 15
4556 10
4557 8
4558 12
4559 3
4560 10
4561 5
4562 12
4563 11
4564 8
4565 10
4566 6
4567 33
4568 29
4569 12
4570 49
4571 4
4572 53
4573 13
4574 12
4575 8
4576 43
4577 10
4578 5
4579 38
4580 27
4581 12
4582 12
4583 5
4584 5
4585 24
4586 12
4587 2
4588 6
4589 14
4590 5
4591 13
4592 12
4593 30
4594 20
4595 38
4596 20
4597 16
4598 5
4599 15
4600 17
4601 22
4602 9
4603 12
4604 14
4605 14
4606 20
4607 7
4608 6
4609 5
4610 3
4611 5
4612 6
4613 4
4614 6
4615 5
4616 13
4617 14
4618 5
4619 15
4620 55
4621 6
4622 8
4623 10
4624 4
4625 4
4626 5
4627 11
4628 11
4629 40
4630 39
4631 4
4632 7
4633 20
4634 6
4635 5
4636 6
4637 6
4638 5
4639 10
4640 10
4641 20
4642 4
4643 7
4644 14
4645 6
4646 15
4647 5
4648 12
4649 5
4650 9
4651 7
4652 33
4653 7
4654 14
4655 7
4656 12
4657 22
4658 7
4659 13
4660 6
4661 11
4662 8
4663 12
4664 10
4665 4
4666 4
4667 6
4668 10
4669 166
4670 5
4671 6
4672 9
4673 17
4674 31
4675 5
4676 15
4677 21
4678 10
4679 5
4680 6
4681 19
4682 11
4683 5
4684 31
4685 6
4686 4
4687 5
4688 21
4689 10
4690 5
4691 12
4692 15
4693 12
4694 15
4695 5
4696 65
4697 24
4698 32
4699 15
4700 6
4701 16
4702 9
4703 4
4704 16
4705 6
4706 4
4707 11
4708 45
4709 4
4710 23
4711 13
4712 11
4713 14
4714 8
4715 9
4716 8
4717 5
4718 7
4719 5
4720 12
4721 10
4722 13
4723 13
4724 7
4725 4
4726 16
4727 40
4728 41
4729 6
4730 6
4731 3
4732 10
4733 6
4734 44
4735 24
4736 18
4737 7
4738 9
4739 11
4740 9
4741 31
4742 15
4743 4
4744 8
4745 4
4746 5
4747 17
4748 18
4749 9
4750 5
4751 7
4752 9
4753 4
4754 6
4755 10
4756 15
4757 9
4758 9
4759 5
4760 8
4761 5
4762 12
4763 18
4764 7
4765 8
4766 12
4767 5
4768 4
4769 13
4770 18
4771 6
4772 9
4773 11
4774 7
4775 7
4776 3
4777 8
4778 31
4779 35
4780 18
4781 6
4782 7
4783 7
4784 7
4785 7
4786 7
4787 7
4788 16
4789 13
4790 7
4791 13
4792 10
4793 25
4794 12
4795 4
4796 12
4797 11
4798 9
4799 8
4800 7
4801 11
4802 23
4803 19
4804 20
4805 5
4806 15
4807 11
4808 8
4809 15
4810 12
4811 6
4812 8
4813 5
4814 39
4815 5
4816 7
4817 5
4818 25
4819 18
4820 24
4821 19
4822 3
4823 30
4824 8
4825 15
4826 24
4827 20
4828 15
4829 8
4830 5
4831 12
4832 6
4833 6
4834 10
4835 12
4836 4
4837 6
4838 26
4839 51
4840 14
4841 6
4842 5
4843 12
4844 57
4845 54
4846 20
4847 6
4848 5
4849 13
4850 10
4851 16
4852 5
4853 5
4854 4
4855 6
4856 5
4857 8
4858 6
4859 8
4860 34
4861 7
4862 13
4863 15
4864 28
4865 11
4866 6
4867 40
4868 9
4869 6
4870 15
4871 7
4872 5
4873 13
4874 8
4875 6
4876 25
4877 15
4878 20
4879 10
4880 19
4881 11
4882 12
4883 10
4884 23
4885 15
4886 6
4887 87
4888 14
4889 11
4890 5
4891 15
4892 15
4893 12
4894 11
4895 8
4896 12
4897 13
4898 8
4899 4
4900 11
4901 8
4902 24
4903 53
4904 14
4905 13
4906 9
4907 4
4908 6
4909 3
4910 16
4911 6
4912 6
4913 5
4914 12
4915 7
4916 10
4917 4
4918 13
4919 15
4920 4
4921 8
4922 27
4923 34
4924 21
4925 13
4926 5
4927 5
4928 11
4929 6
4930 6
4931 15
4932 7
4933 9
4934 10
4935 19
4936 17
4937 13
4938 5
4939 5
4940 16
4941 9
4942 82
4943 20
4944 7
4945 11
4946 6
4947 22
4948 11
4949 4
4950 13
4951 10
4952 4
4953 11
4954 4
4955 4
4956 20
4957 6
4958 9
4959 6
4960 55
4961 5
4962 13
4963 5
4964 6
4965 33
4966 32
4967 22
4968 15
4969 45
4970 11
4971 33
4972 6
4973 4
4974 5
4975 7
4976 8
4977 9
4978 30
4979 8
4980 5
4981 16
4982 6
4983 6
4984 5
4985 8
4986 17
4987 7
4988 10
4989 5
4990 16
4991 29
4992 37
4993 5
4994 3
4995 7
4996 9
4997 12
4998 7
4999 8
5000 8
5001 9
5002 24
5003 15
5004 6
5005 5
5006 9
5007 7
5008 5
5009 9
5010 5
5011 5
5012 11
5013 24
5014 19
5015 6
5016 5
5017 12
5018 7
5019 7
5020 7
5021 8
5022 8
5023 33
5024 18
5025 5
5026 5
5027 5
5028 7
5029 8
5030 105
5031 8
5032 20
5033 6
5034 7
5035 13
5036 5
5037 4
5038 13
5039 8
5040 35
5041 33
5042 7
5043 5
5044 7
5045 5
5046 11
5047 21
5048 12
5049 32
5050 8
5051 7
5052 21
5053 6
5054 6
5055 6
5056 27
5057 6
5058 8
5059 7
5060 10
5061 8
5062 7
5063 3
5064 6
5065 4
5066 9
5067 4
5068 25
5069 5
5070 6
5071 11
5072 3
5073 5
5074 10
5075 9
5076 6
5077 7
5078 6
5079 8
5080 10
5081 8
5082 4
5083 7
5084 9
5085 5
5086 9
5087 6
5088 9
5089 5
5090 7
5091 9
5092 12
5093 7
5094 9
5095 20
5096 11
5097 6
5098 24
5099 154
5100 4
5101 5
5102 24
5103 92
5104 143
5105 4
5106 12
5107 13
5108 9
5109 9
5110 13
5111 5
5112 20
5113 8
5114 7
5115 10
5116 7
5117 4
5118 4
5119 30
5120 5
5121 20
5122 16
5123 5
5124 4
5125 5
5126 4
5127 19
5128 12
5129 5
5130 22
5131 31
5132 18
5133 6
5134 8
5135 33
5136 12
5137 21
5138 7
5139 11
5140 10
5141 6
5142 7
5143 23
5144 17
5145 5
5146 5
5147 4
5148 20
5149 9
5150 6
5151 6
5152 6
5153 9
5154 28
5155 19
5156 28
5157 8
5158 12
5159 14
5160 5
5161 6
5162 8
5163 9
5164 50
5165 5
5166 20
5167 17
5168 6
5169 5
5170 7
5171 7
5172 7
5173 8
5174 22
5175 10
5176 29
5177 21
5178 33
5179 9
5180 5
5181 13
5182 11
5183 6
5184 9
5185 7
5186 7
5187 6
5188 10
5189 14
5190 13
5191 5
5192 26
5193 20
5194 15
5195 21
5196 16
5197 11
5198 12
5199 5
5200 9
5201 9
5202 4
5203 7
5204 8
5205 20
5206 9
5207 20
5208 28
5209 17
5210 4
5211 6
5212 13
5213 26
5214 17
5215 6
5216 6
5217 7
5218 6
5219 27
5220 11
5221 4
5222 11
5223 20
5224 17
5225 24
5226 9
5227 3
5228 11
5229 10
5230 32
5231 6
5232 4
5233 22
5234 10
5235 13
5236 9
5237 3
5238 19
5239 13
5240 4
5241 22
5242 8
5243 5
5244 7
5245 10
5246 5
5247 25
5248 4
5249 9
5250 6
5251 16
5252 5
5253 32
5254 20
5255 6
5256 21
5257 10
5258 13
5259 20
5260 4
5261 5
5262 5
5263 8
5264 10
5265 12
5266 4
5267 16
5268 5
5269 13
5270 5
5271 5
5272 7
5273 8
5274 9
5275 16
5276 8
5277 33
5278 5
5279 5
5280 14
5281 5
5282 9
5283 10
5284 8
5285 14
5286 29
5287 29
5288 12
5289 6
5290 9
5291 10
5292 5
5293 16
5294 6
5295 38
5296 11
5297 14
5298 5
5299 9
5300 10
5301 10
5302 9
5303 7
5304 6
5305 20
5306 9
5307 5
5308 9
5309 5
5310 5
5311 14
5312 35
5313 2
5314 25
5315 25
5316 8
5317 16
5318 42
5319 6
5320 40
5321 4
5322 29
5323 30
5324 11
5325 5
5326 5
5327 6
5328 13
5329 62
5330 21
5331 5
5332 7
5333 18
5334 8
5335 6
5336 6
5337 6
5338 12
5339 9
5340 3
5341 10
5342 5
5343 5
5344 8
5345 10
5346 3
5347 6
5348 13
5349 8
5350 9
5351 5
5352 8
5353 17
5354 20
5355 4
5356 8
5357 6
5358 5
5359 14
5360 8
5361 12
5362 4
5363 3
5364 5
5365 9
5366 9
5367 6
5368 38
5369 12
5370 11
5371 22
5372 5
5373 5
5374 4
5375 4
5376 8
5377 4
5378 8
5379 7
5380 12
5381 13
5382 15
5383 3
5384 14
5385 23
5386 5
5387 4
5388 4
5389 9
5390 9
5391 13
5392 9
5393 8
5394 4
5395 7
5396 8
5397 6
5398 6
5399 7
5400 5
5401 10
5402 21
5403 18
5404 26
5405 10
5406 9
5407 11
5408 7
5409 5
5410 7
5411 5
5412 17
5413 8
5414 7
5415 6
5416 3
5417 9
5418 9
5419 8
5420 8
5421 5
5422 9
5423 6
5424 11
5425 12
5426 11
5427 13
5428 15
5429 11
5430 7
5431 6
5432 33
5433 32
5434 7
5435 4
5436 5
5437 9
5438 13
5439 23
5440 10
5441 13
5442 8
5443 5
5444 17
5445 6
5446 5
5447 17
5448 6
5449 6
5450 4
5451 22
5452 5
5453 22
5454 8
5455 11
5456 9
5457 38
5458 27
5459 10
5460 10
5461 8
5462 5
5463 4
5464 10
5465 11
5466 7
5467 4
5468 15
5469 5
5470 7
5471 6
5472 5
5473 6
5474 5
5475 7
5476 8
5477 5
5478 23
5479 5
5480 7
5481 7
5482 8
5483 4
5484 9
5485 14
5486 8
5487 5
5488 5
5489 5
5490 7
5491 11
5492 20
5493 73
5494 32
5495 12
5496 7
5497 5
5498 10
5499 6
5500 19
5501 19
5502 22
5503 5
5504 8
5505 13
5506 10
5507 6
5508 7
5509 8
5510 17
5511 10
5512 5
5513 3
5514 8
5515 6
5516 16
5517 15
5518 6
5519 13
5520 10
5521 9
5522 6
5523 11
5524 7
5525 8
5526 6
5527 5
5528 4
5529 4
5530 36
5531 6
5532 9
5533 4
5534 8
5535 19
5536 23
5537 6
5538 25
5539 10
5540 5
5541 11
5542 9
5543 16
5544 6
5545 6
5546 35
5547 23
5548 55
5549 17
5550 12
5551 5
5552 6
5553 4
5554 10
5555 6
5556 30
5557 6
5558 10
5559 5
5560 10
5561 6
5562 9
5563 12
5564 4
5565 6
5566 4
5567 3
5568 6
5569 7
5570 8
5571 15
5572 4
5573 13
5574 28
5575 6
5576 18
5577 21
5578 14
5579 6
5580 9
5581 9
5582 12
5583 11
5584 5
5585 12
5586 4
5587 5
5588 7
5589 9
5590 21
5591 39
5592 4
5593 32
5594 8
5595 12
5596 16
5597 11
5598 5
5599 7
5600 19
5601 13
5602 7
5603 28
5604 30
5605 14
5606 5
5607 5
5608 6
5609 5
5610 9
5611 13
5612 6
5613 5
5614 9
5615 31
5616 10
5617 8
5618 4
5619 12
5620 11
5621 6
5622 7
5623 7
5624 5
5625 8
5626 11
5627 7
5628 4
5629 11
5630 9
5631 9
5632 12
5633 14
5634 9
5635 22
5636 16
5637 8
5638 7
5639 9
5640 7
5641 6
5642 12
5643 18
5644 6
5645 24
5646 8
5647 8
5648 19
5649 7
5650 7
5651 40
5652 11
5653 6
5654 5
5655 9
5656 6
5657 5
5658 31
5659 19
5660 22
5661 14
5662 8
5663 9
5664 7
5665 5
5666 5
5667 29
5668 4
5669 5
5670 4
5671 7
5672 9
5673 15
5674 6
5675 19
5676 5
5677 24
5678 22
5679 5
5680 5
5681 5
5682 31
5683 9
5684 20
5685 11
5686 40
5687 73
5688 10
5689 11
5690 23
5691 10
5692 3
5693 6
5694 5
5695 9
5696 7
5697 12
5698 78
5699 24
5700 26
5701 4
5702 14
5703 18
5704 6
5705 7
5706 4
5707 5
5708 8
5709 4
5710 15
5711 15
5712 18
5713 7
5714 8
5715 7
5716 13
5717 11
5718 4
5719 5
5720 12
5721 4
5722 10
5723 4
5724 16
5725 10
5726 12
5727 33
5728 10
5729 14
5730 18
5731 6
5732 18
5733 14
5734 11
5735 7
5736 8
5737 7
5738 8
5739 10
5740 8
5741 18
5742 5
5743 11
5744 8
5745 7
5746 17
5747 10
5748 7
5749 8
5750 7
5751 15
5752 31
5753 32
5754 11
5755 4
5756 17
5757 10
5758 37
5759 4
5760 8
5761 5
5762 6
5763 4
5764 5
5765 5
5766 25
5767 12
5768 11
5769 4
5770 5
5771 10
5772 14
5773 4
5774 6
5775 9
5776 18
5777 6
5778 5
5779 5
5780 9
5781 9
5782 19
5783 9
5784 6
5785 5
5786 8
5787 46
5788 4
5789 20
5790 10
5791 7
5792 8
5793 10
5794 21
5795 12
5796 16
5797 12
5798 11
5799 19
5800 14
5801 6
5802 4
5803 4
5804 11
5805 6
5806 15
5807 15
5808 7
5809 4
5810 21
5811 4
5812 13
5813 26
5814 6
5815 10
5816 7
5817 6
5818 7
5819 15
5820 7
5821 10
5822 41
5823 16
5824 6
5825 8
5826 14
5827 5
5828 10
5829 5
5830 8
5831 14
5832 6
5833 11
5834 13
5835 9
5836 7
5837 7
5838 4
5839 7
5840 6
5841 6
5842 8
5843 27
5844 9
5845 5
5846 33
5847 24
5848 15
5849 24
5850 16
5851 15
5852 10
5853 5
5854 14
5855 10
5856 10
5857 5
5858 5
5859 4
5860 5
5861 4
5862 10
5863 5
5864 38
5865 20
5866 24
5867 19
5868 14
5869 14
5870 24
5871 15
5872 7
5873 9
5874 3
5875 7
5876 5
5877 6
5878 7
5879 11
5880 23
5881 30
5882 21
5883 29
5884 10
5885 11
5886 5
5887 12
5888 6
5889 8
5890 16
5891 4
5892 6
5893 10
5894 11
5895 9
5896 6
5897 14
5898 15
5899 14
5900 10
5901 5
5902 10
5903 11
5904 6
5905 10
5906 5
5907 9
5908 16
5909 6
5910 19
5911 8
5912 3
5913 4
5914 4
5915 9
5916 9
5917 13
5918 6
5919 7
5920 5
5921 14
5922 5
5923 14
5924 8
5925 11
5926 11
5927 11
5928 22
5929 4
5930 5
5931 8
5932 13
5933 11
5934 14
5935 10
5936 12
5937 11
5938 10
5939 5
5940 6
5941 5
5942 5
5943 13
5944 9
5945 11
5946 6
5947 5
5948 12
5949 11
5950 5
5951 8
5952 8
5953 5
5954 4
5955 10
5956 10
5957 5
5958 9
5959 8
5960 8
5961 19
5962 27
5963 48
5964 8
5965 7
5966 10
5967 44
5968 13
5969 5
5970 7
5971 4
5972 3
5973 7
5974 7
5975 7
5976 10
5977 8
5978 7
5979 8
5980 8
5981 4
5982 14
5983 18
5984 8
5985 5
5986 13
5987 7
5988 8
5989 3
5990 20
5991 9
5992 5
5993 8
5994 5
5995 4
5996 5
5997 9
5998 4
5999 7
6000 6
6001 45
6002 46
6003 4
6004 10
6005 9
6006 11
6007 7
6008 9
6009 4
6010 11
6011 7
6012 7
6013 5
6014 11
6015 22
6016 8
6017 11
6018 10
6019 5
6020 6
6021 4
6022 7
6023 7
6024 5
6025 16
6026 5
6027 11
6028 5
6029 6
6030 15
6031 8
6032 6
6033 10
6034 5
6035 5
6036 15
6037 14
6038 12
6039 2
6040 10
6041 5
6042 6
6043 4
6044 13
6045 9
6046 11
6047 4
6048 5
6049 5
6050 9
6051 54
6052 7
6053 11
6054 17
6055 6
6056 22
6057 17
6058 9
6059 14
6060 6
6061 68
6062 5
6063 28
6064 27
6065 5
6066 5
6067 5
6068 9
6069 9
6070 13
6071 28
6072 15
6073 7
6074 3
6075 4
6076 7
6077 5
6078 7
6079 18
6080 14
6081 14
6082 5
6083 15
6084 3
6085 6
6086 5
6087 10
6088 19
6089 4
6090 14
6091 9
6092 11
6093 29
6094 18
6095 5
6096 10
6097 11
6098 7
6099 13
6100 7
6101 6
6102 10
6103 5
6104 10
6105 5
6106 16
6107 4
6108 5
6109 8
6110 5
6111 19
6112 5
6113 16
6114 8
6115 5
6116 5
6117 5
6118 22
6119 5
6120 4
6121 16
6122 8
6123 9
6124 6
6125 6
6126 13
6127 24
6128 11
6129 15
6130 4
6131 8
6132 5
6133 10
6134 6
6135 6
6136 5
6137 11
6138 9
6139 8
6140 5
6141 6
6142 19
6143 10
6144 7
6145 22
6146 7
6147 21
6148 8
6149 5
6150 9
6151 16
6152 10
6153 6
6154 27
6155 7
6156 4
6157 20
6158 6
6159 3
6160 22
6161 6
6162 21
6163 18
6164 12
6165 5
6166 16
6167 10
6168 7
6169 9
6170 12
6171 8
6172 5
6173 5
6174 5
6175 4
6176 12
6177 43
6178 55
6179 8
6180 5
6181 7
6182 10
6183 6
6184 6
6185 9
6186 9
6187 6
6188 18
6189 5
6190 6
6191 4
6192 5
6193 5
6194 17
6195 6
6196 5
6197 48
6198 27
6199 6
6200 28
6201 5
6202 19
6203 17
6204 8
6205 11
6206 20
6207 9
6208 9
6209 7
6210 9
6211 9
6212 6
6213 19
6214 4
6215 4
6216 6
6217 5
6218 23
6219 7
6220 12
6221 5
6222 4
6223 13
6224 13
6225 51
6226 4
6227 4
6228 11
6229 7
6230 19
6231 10
6232 7
6233 5
6234 5
6235 10
6236 9
6237 6
6238 7
6239 4
6240 10
6241 12
6242 4
6243 13
6244 11
6245 14
6246 8
6247 5
6248 22
6249 17
6250 25
6251 14
6252 5
6253 21
6254 30
6255 14
6256 5
6257 6
6258 5
6259 21
6260 6
6261 43
6262 16
6263 9
6264 18
6265 12
6266 4
6267 5
6268 28
6269 6
6270 5
6271 10
6272 12
6273 4
6274 5
6275 5
6276 9
6277 9
6278 12
6279 4
6280 8
6281 7
6282 24
6283 5
6284 14
6285 6
6286 4
6287 4
6288 13
6289 13
6290 5
6291 20
6292 11
6293 5
6294 16
6295 9
6296 11
6297 6
6298 7
6299 7
6300 4
6301 5
6302 11
6303 5
6304 14
6305 7
6306 7
6307 10
6308 6
6309 7
6310 10
6311 6
6312 7
6313 5
6314 6
6315 13
6316 9
6317 3
6318 30
6319 8
6320 20
6321 17
6322 17
6323 9
6324 10
6325 5
6326 5
6327 6
6328 7
6329 13
6330 11
6331 5
6332 10
6333 5
6334 10
6335 6
6336 5
6337 18
6338 13
6339 3
6340 22
6341 6
6342 5
6343 5
6344 11
6345 10
6346 5
6347 8
6348 4
6349 3
6350 7
6351 5
6352 14
6353 5
6354 8
6355 5
6356 9
6357 4
6358 3
6359 6
6360 6
6361 9
6362 6
6363 7
6364 26
6365 10
6366 6
6367 9
6368 11
6369 6
6370 7
6371 5
6372 8
6373 7
6374 12
6375 8
6376 6
6377 16
6378 6
6379 6
6380 6
6381 16
6382 9
6383 10
6384 6
6385 4
6386 6
6387 10
6388 7
6389 8
6390 7
6391 10
6392 4
6393 11
6394 6
6395 15
6396 5
6397 11
6398 13
6399 9
6400 7
6401 4
6402 5
6403 9
6404 7
6405 5
6406 6
6407 13
6408 6
6409 6
6410 10
6411 4
6412 16
6413 4
6414 12
6415 8
6416 5
6417 20
6418 5
6419 39
6420 8
6421 5
6422 14
6423 12
6424 6
6425 8
6426 7
6427 8
6428 9
6429 5
6430 8
6431 8
6432 6
6433 6
6434 7
6435 6
6436 4
6437 5
6438 4
6439 12
6440 5
6441 8
6442 17
6443 9
6444 14
6445 7
6446 5
6447 11
6448 5
6449 6
6450 16
6451 7
6452 14
6453 10
6454 11
6455 5
6456 14
6457 6
6458 7
6459 8
6460 10
6461 10
6462 5
6463 18
6464 4
6465 6
6466 6
6467 6
6468 13
6469 10
6470 11
6471 5
6472 22
6473 13
6474 14
6475 16
6476 21
6477 4
6478 28
6479 5
6480 7
6481 5
6482 4
6483 6
6484 6
6485 4
6486 7
6487 8
6488 5
6489 14
6490 27
6491 4
6492 6
6493 7
6494 12
6495 5
6496 23
6497 9
6498 14
6499 8
6500 11
6501 4
6502 8
6503 10
6504 9
6505 6
6506 7
6507 8
6508 6
6509 31
6510 18
6511 4
6512 19
6513 10
6514 19
6515 34
6516 6
6517 11
6518 13
6519 9
6520 4
6521 8
6522 10
6523 14
6524 11
6525 14
6526 8
6527 6
6528 4
6529 5
6530 6
6531 5
6532 14
6533 14
6534 10
6535 23
6536 13
6537 15
6538 6
6539 12
6540 7
6541 6
6542 7
6543 7
6544 9
6545 17
6546 4
6547 15
6548 7
6549 13
6550 5
6551 7
6552 7
6553 13
6554 14
6555 7
6556 6
6557 6
6558 5
6559 9
6560 4
6561 8
6562 5
6563 18
6564 8
6565 6
6566 5
6567 19
6568 24
6569 7
6570 12
6571 12
6572 5
6573 5
6574 12
6575 16
6576 8
6577 20
6578 7
6579 9
6580 18
6581 8
6582 15
6583 5
6584 3
6585 4
6586 6
6587 6
6588 16
6589 13
6590 14
6591 26
6592 12
6593 16
6594 7
6595 8
6596 5
6597 6
6598 13
6599 5
6600 12
6601 8
6602 11
6603 16
6604 6
6605 6
6606 5
6607 6
6608 5
6609 5
6610 4
6611 5
6612 6
6613 5
6614 16
6615 4
6616 10
6617 5
6618 6
6619 11
6620 9
6621 6
6622 10
6623 8
6624 5
6625 5
6626 5
6627 9
6628 5
6629 10
6630 5
6631 8
6632 5
6633 6
6634 4
6635 5
6636 5
6637 4
6638 14
6639 5
6640 8
6641 8
6642 29
6643 7
6644 9
6645 8
6646 15
6647 9
6648 11
6649 7
6650 6
6651 22
6652 22
6653 7
6654 10
6655 10
6656 7
6657 8
6658 10
6659 9
6660 23
6661 5
6662 6
6663 5
6664 10
6665 9
6666 29
6667 7
6668 4
6669 5
6670 5
6671 5
6672 5
6673 8
6674 14
6675 20
6676 18
6677 14
6678 8
6679 4
6680 6
6681 14
6682 6
6683 7
6684 2
6685 71
6686 11
6687 13
6688 14
6689 19
6690 6
6691 5
6692 7
6693 5
6694 5
6695 4
6696 11
6697 4
6698 9
6699 7
6700 5
6701 12
6702 12
6703 13
6704 8
6705 5
6706 6
6707 5
6708 4
6709 7
6710 5
6711 11
6712 9
6713 16
6714 11
6715 5
6716 24
6717 7
6718 8
6719 9
6720 6
6721 30
6722 16
6723 8
6724 18
6725 14
6726 4
6727 7
6728 8
6729 13
6730 8
6731 5
6732 7
6733 11
6734 13
6735 18
6736 5
6737 4
6738 9
6739 5
6740 6
6741 5
6742 7
6743 8
6744 6
6745 10
6746 3
6747 19
6748 11
6749 7
6750 9
6751 12
6752 12
6753 7
6754 5
6755 4
6756 5
6757 6
6758 9
6759 16
6760 15
6761 25
6762 27
6763 15
6764 8
6765 5
6766 5
6767 4
6768 5
6769 10
6770 5
6771 6
6772 12
6773 4
6774 13
6775 4
6776 4
6777 5
6778 7
6779 10
6780 10
6781 17
6782 15
6783 6
6784 17
6785 34
6786 9
6787 6
6788 3
6789 4
6790 6
6791 10
6792 6
6793 8
6794 14
6795 10
6796 4
6797 8
6798 7
6799 9
6800 6
6801 10
6802 5
6803 4
6804 5
6805 4
6806 8
6807 7
6808 5
6809 8
6810 5
6811 4
6812 5
6813 6
6814 5
6815 4
6816 6
6817 4
6818 5
6819 4
6820 7
6821 7
6822 5
6823 23
6824 8
6825 9
6826 9
6827 4
6828 7
6829 7
6830 13
6831 8
6832 10
6833 2
6834 13
6835 15
6836 6
6837 10
6838 5
6839 11
6840 20
6841 9
6842 4
6843 19
6844 6
6845 8
6846 15
6847 5
6848 25
6849 4
6850 8
6851 5
6852 26
6853 8
6854 8
6855 20
6856 25
6857 8
6858 6
6859 6
6860 4
6861 9
6862 16
6863 11
6864 16
6865 7
6866 6
6867 6
6868 14
6869 6
6870 5
6871 11
6872 5
6873 7
6874 5
6875 5
6876 6
6877 5
6878 15
6879 8
6880 9
6881 8
6882 4
6883 6
6884 7
6885 11
6886 11
6887 14
6888 6
6889 13
6890 5
6891 17
6892 5
6893 15
6894 5
6895 5
6896 13
6897 5
6898 11
6899 5
6900 8
6901 12
6902 6
6903 7
6904 6
6905 7
6906 6
6907 14
6908 6
6909 9
6910 4
6911 4
6912 7
6913 11
6914 8
6915 7
6916 5
6917 13
6918 5
6919 36
6920 5
6921 7
6922 14
6923 70
6924 11
6925 3
6926 9
6927 20
6928 6
6929 24
6930 7
6931 14
6932 12
6933 13
6934 12
6935 37
6936 6
6937 5
6938 5
6939 5
6940 15
6941 7
6942 8
6943 9
6944 8
6945 34
6946 5
6947 5
6948 7
6949 9
6950 5
6951 12
6952 5
6953 6
6954 7
6955 8
6956 4
6957 10
6958 22
6959 5
6960 5
6961 5
6962 7
6963 4
6964 6
6965 7
6966 5
6967 5
6968 10
6969 9
6970 12
6971 14
6972 3
6973 24
6974 10
6975 5
6976 6
6977 7
6978 7
6979 12
6980 5
6981 4
6982 7
6983 10
6984 4
6985 9
6986 4
6987 9
6988 7
6989 7
6990 5
6991 6
6992 17
6993 4
6994 4
6995 22
6996 7
6997 6
6998 10
6999 10
7000 7
7001 6
7002 4
7003 16
7004 8
7005 5
7006 7
7007 9
7008 5
7009 6
7010 4
7011 6
7012 4
7013 8
7014 8
7015 3
7016 5
7017 8
7018 8
7019 6
7020 6
7021 4
7022 4
7023 3
7024 7
7025 4
7026 7
7027 4
7028 5
7029 18
7030 18
7031 13
7032 4
7033 13
7034 4
7035 7
7036 4
7037 5
7038 5
7039 8
7040 5
7041 5
7042 7
7043 7
7044 7
7045 4
7046 4
7047 5
7048 8
7049 4
7050 5
7051 4
7052 4
7053 4
7054 16
7055 5
7056 8
7057 7
7058 4
7059 9
7060 23
7061 5
7062 20
7063 5
7064 7
7065 10
7066 5
7067 5
7068 6
7069 10
7070 6
7071 5
7072 6
7073 5
7074 4
7075 5
7076 7
7077 9
7078 6
7079 7
7080 16
7081 6
7082 6
7083 3
7084 5
7085 4
7086 4
7087 5
7088 9
7089 6
7090 6
7091 8
7092 19
7093 5
7094 10
7095 30
7096 4
7097 6
7098 5
7099 5
7100 7
7101 4
7102 8
7103 6
7104 4
7105 10
7106 10
7107 8
7108 9
7109 8
7110 5
7111 5
7112 4
7113 11
7114 7
7115 7
7116 5
7117 4
7118 4
7119 13
7120 12
7121 5
7122 3
7123 4
7124 8
7125 5
7126 4
7127 12
7128 8
7129 6
7130 8
7131 16
7132 6
7133 6
7134 7
7135 8
7136 5
7137 8
7138 8
7139 14
7140 5
7141 10
7142 34
7143 8
7144 15
7145 18
7146 5
7147 6
7148 5
7149 5
7150 5
7151 14
7152 11
7153 8
7154 9
7155 7
7156 5
7157 5
7158 15
7159 9
7160 7
7161 5
7162 4
7163 5
7164 20
7165 6
7166 24
7167 4
7168 6
7169 5
7170 10
7171 5
7172 6
7173 6
7174 9
7175 6
7176 6
7177 4
7178 5
7179 5
7180 5
7181 8
7182 8
7183 5
7184 6
7185 6
7186 6
7187 4
7188 6
7189 5
7190 12
7191 5
7192 9
7193 6
7194 8
7195 15
7196 8
7197 6
7198 5
7199 10
7200 5
7201 7
7202 7
7203 5
7204 7
7205 15
7206 4
7207 16
7208 6
7209 9
7210 5
7211 12
7212 3
7213 13
7214 11
7215 12
7216 15
7217 5
7218 4
7219 14
7220 10
7221 19
7222 6
7223 5
7224 4
7225 7
7226 4
7227 8
7228 11
7229 8
7230 4
7231 12
7232 5
7233 12
7234 13
7235 5
7236 9
7237 9
7238 11
7239 17
7240 5
7241 7
7242 8
7243 6
7244 5
7245 7
7246 4
7247 7
7248 9
7249 15
7250 6
7251 5
7252 3
7253 11
7254 32
7255 9
7256 15
7257 14
7258 16
7259 4
7260 7
7261 13
7262 8
7263 11
7264 4
7265 9
7266 5
7267 8
7268 8
7269 12
7270 19
7271 19
7272 6
7273 4
7274 7
7275 12
7276 4
7277 6
7278 4
7279 9
7280 5
7281 6
7282 9
7283 18
7284 8
7285 5
7286 6
7287 4
7288 10
7289 6
7290 7
7291 4
7292 19
7293 5
7294 6
7295 12
7296 8
7297 8
7298 4
7299 4
7300 10
7301 5
7302 5
7303 6
7304 4
7305 5
7306 7
7307 7
7308 7
7309 7
7310 5
7311 7
7312 8
7313 8
7314 7
7315 5
7316 8
7317 10
7318 6
7319 5
7320 14
7321 8
7322 5
7323 21
7324 6
7325 10
7326 8
7327 5
7328 4
7329 7
7330 4
7331 14
7332 5
7333 4
7334 6
7335 11
7336 10
7337 5
7338 5
7339 7
7340 11
7341 4
7342 12
7343 10
7344 6
7345 21
7346 4
7347 25
7348 5
7349 9
7350 32
7351 6
7352 6
7353 6
7354 23
7355 8
7356 5
7357 6
7358 10
7359 6
7360 5
7361 5
7362 5
7363 5
7364 4
7365 7
7366 5
7367 25
7368 6
7369 26
7370 11
7371 8
7372 7
7373 8
7374 6
7375 6
7376 7
7377 10
7378 14
7379 19
7380 5
7381 11
7382 9
7383 7
7384 5
7385 6
7386 4
7387 7
7388 4
7389 7
7390 5
7391 10
7392 12
7393 7
7394 5
7395 6
7396 10
7397 12
7398 4
7399 24
7400 14
7401 9
7402 11
7403 9
7404 6
7405 16
7406 6
7407 4
7408 5
7409 13
7410 3
7411 6
7412 5
7413 10
7414 9
7415 11
7416 9
7417 6
7418 7
7419 26
7420 7
7421 6
7422 6
7423 7
7424 5
7425 4
7426 8
7427 4
7428 5
7429 6
7430 5
7431 5
7432 9
7433 13
7434 10
7435 8
7436 8
7437 7
7438 9
7439 8
7440 11
7441 9
7442 6
7443 7
7444 7
7445 9
7446 7
7447 6
7448 11
7449 8
7450 7
7451 11
7452 14
7453 14
7454 9
7455 27
7456 3
7457 8
7458 7
7459 8
7460 8
7461 13
7462 8
7463 5
7464 5
7465 5
7466 28
7467 7
7468 8
7469 5
7470 7
7471 7
7472 5
7473 10
7474 5
7475 14
7476 7
7477 7
7478 8
7479 20
7480 5
7481 5
7482 13
7483 5
7484 8
7485 5
7486 3
7487 8
7488 16
7489 6
7490 5
7491 4
7492 4
7493 12
7494 7
7495 7
7496 5
7497 15
7498 13
7499 5
7500 6
7501 10
7502 8
7503 11
7504 7
7505 14
7506 5
7507 9
7508 12
7509 3
7510 16
7511 9
7512 10
7513 5
7514 12
7515 5
7516 11
7517 3
7518 4
7519 7
7520 14
7521 3
7522 5
7523 5
7524 7
7525 4
7526 10
7527 37
7528 6
7529 10
7530 4
7531 13
7532 7
7533 5
7534 10
7535 6
7536 6
7537 16
7538 4
7539 7
7540 12
7541 5
7542 5
7543 5
7544 14
7545 2
7546 8
7547 14
7548 9
7549 8
7550 7
7551 8
7552 4
7553 4
7554 4
7555 4
7556 5
7557 7
7558 9
7559 5
7560 6
7561 5
7562 11
7563 7
7564 7
7565 4
7566 6
7567 6
7568 39
7569 6
7570 4
7571 8
7572 5
7573 10
7574 6
7575 14
7576 5
7577 7
7578 13
7579 8
7580 6
7581 6
7582 6
7583 4
7584 9
7585 6
7586 6
7587 4
7588 6
7589 7
7590 3
7591 8
7592 7
7593 4
7594 5
7595 10
7596 7
7597 7
7598 4
7599 5
7600 5
7601 9
7602 6
7603 3
7604 9
7605 7
7606 8
7607 12
7608 4
7609 7
7610 7
7611 4
7612 18
7613 8
7614 5
7615 5
7616 12
7617 8
7618 8
7619 10
7620 5
7621 8
7622 4
7623 4
7624 5
7625 32
7626 5
7627 5
7628 8
7629 18
7630 6
7631 5
7632 7
7633 5
7634 6
7635 7
7636 7
7637 20
7638 14
7639 14
7640 4
7641 7
7642 4
7643 6
7644 15
7645 5
7646 7
7647 8
7648 8
7649 11
7650 5
7651 14
7652 9
7653 8
7654 5
7655 5
7656 6
7657 5
7658 5
7659 6
7660 8
7661 5
7662 5
7663 11
7664 4
7665 5
7666 6
7667 6
7668 9
7669 10
7670 6
7671 8
7672 16
7673 4
7674 7
7675 6
7676 4
7677 6
7678 4
7679 5
7680 7
7681 7
7682 7
7683 12
7684 5
7685 19
7686 12
7687 9
7688 9
7689 6
7690 6
7691 15
7692 5
7693 4
7694 7
7695 12
7696 11
7697 4
7698 6
7699 8
7700 6
7701 11
7702 16
7703 17
7704 5
7705 4
7706 6
7707 16
7708 5
7709 25
7710 9
7711 6
7712 3
7713 20
7714 8
7715 7
7716 4
7717 9
7718 13
7719 7
7720 10
7721 9
7722 6
7723 5
7724 20
7725 7
7726 10
7727 6
7728 9
7729 5
7730 4
7731 13
7732 7
7733 4
7734 9
7735 5
7736 17
7737 2
7738 9
7739 4
7740 7
7741 5
7742 17
7743 4
7744 5
7745 3
7746 6
7747 19
7748 24
7749 6
7750 8
7751 5
7752 7
7753 5
7754 10
7755 7
7756 4
7757 6
7758 12
7759 13
7760 5
7761 6
7762 10
7763 5
7764 5
7765 6
7766 5
7767 14
7768 10
7769 6
7770 9
7771 4
7772 8
7773 9
7774 6
7775 13
7776 4
7777 8
7778 5
7779 9
7780 4
7781 8
7782 6
7783 17
7784 7
7785 13
7786 7
7787 12
7788 3
7789 6
7790 5
7791 5
7792 7
7793 4
7794 5
7795 5
7796 4
7797 6
7798 6
7799 6
7800 4
7801 6
7802 10
7803 4
7804 5
7805 6
7806 5
7807 6
7808 11
7809 4
7810 5
7811 11
7812 4
7813 2
7814 5
7815 5
7816 18
7817 6
7818 6
7819 3
7820 7
7821 10
7822 5
7823 6
7824 8
7825 5
7826 17
7827 6
7828 6
7829 4
7830 5
7831 4
7832 10
7833 6
7834 6
7835 5
7836 12
7837 4
7838 21
7839 10
7840 7
7841 6
7842 28
7843 7
7844 6
7845 8
7846 5
7847 9
7848 3
7849 8
7850 14
7851 4
7852 5
7853 7
7854 12
7855 7
7856 6
7857 7
7858 4
7859 6
7860 9
7861 5
7862 9
7863 8
7864 6
7865 15
7866 6
7867 4
7868 4
7869 6
7870 7
7871 6
7872 6
7873 5
7874 9
7875 8
7876 9
7877 5
7878 5
7879 8
7880 5
7881 4
7882 8
7883 13
7884 5
7885 8
7886 11
7887 7
7888 9
7889 10
7890 4
7891 5
7892 7
7893 13
7894 5
7895 5
7896 8
7897 5
7898 6
7899 5
7900 5
7901 6
7902 6
7903 5
7904 8
7905 14
7906 5
7907 11
7908 4
7909 5
7910 7
7911 5
7912 14
7913 10
7914 5
7915 5
7916 15
7917 17
7918 7
7919 6
7920 4
7921 14
7922 5
7923 6
7924 14
7925 5
7926 6
7927 5
7928 9
7929 6
7930 7
7931 6
7932 6
7933 6
7934 6
7935 8
7936 4
7937 3
7938 6
7939 18
7940 7
7941 10
7942 5
7943 4
7944 5
7945 4
7946 7
7947 3
7948 8
7949 8
7950 6
7951 7
7952 6
7953 6
7954 4
7955 4
7956 6
7957 7
7958 4
7959 5
7960 5
7961 5
7962 5
7963 3
7964 6
7965 23
7966 8
7967 5
7968 5
7969 7
7970 4
7971 10
7972 12
7973 7
7974 3
7975 14
7976 7
7977 5
7978 4
7979 7
7980 8
7981 11
7982 5
7983 8
7984 6
7985 5
7986 11
7987 12
7988 14
7989 5
7990 7
7991 8
7992 5
7993 5
7994 5
7995 3
7996 4
7997 8
7998 13
7999 9
8000 11
8001 5
8002 4
8003 6
8004 8
8005 5
8006 3
8007 7
8008 18
8009 3
8010 5
8011 4
8012 5
8013 7
8014 14
8015 14
8016 4
8017 7
8018 6
8019 5
8020 9
8021 4
8022 8
8023 5
8024 9
8025 4
8026 4
8027 11
8028 6
8029 4
8030 5
8031 4
8032 6
8033 6
8034 8
8035 5
8036 3
8037 17
8038 4
8039 5
8040 11
8041 2
8042 5
8043 5
8044 4
8045 6
8046 7
8047 4
8048 5
8049 5
8050 5
8051 8
8052 3
8053 9
8054 10
8055 7
8056 6
8057 4
8058 6
8059 2
8060 6
8061 5
8062 21
8063 7
8064 6
8065 5
8066 9
8067 4
8068 6
8069 6
8070 4
8071 6
8072 12
8073 6
8074 4
8075 8
8076 5
8077 5
8078 5
8079 9
8080 7
8081 2
8082 7
8083 6
8084 7
8085 10
8086 4
8087 5
8088 5
8089 5
8090 6
8091 5
8092 12
8093 6
8094 8
8095 8
8096 10
8097 5
8098 6
8099 8
8100 7
8101 12
8102 4
8103 4
8104 9
8105 5
8106 10
8107 7
8108 12
8109 5
8110 7
8111 12
8112 7
8113 14
8114 10
8115 7
8116 5
8117 9
8118 6
8119 5
8120 7
8121 4
8122 7
8123 9
8124 5
8125 6
8126 4
8127 16
8128 9
8129 6
8130 8
8131 5
8132 6
8133 13
8134 5
8135 8
8136 4
8137 9
8138 6
8139 4
8140 4
8141 5
8142 5
8143 6
8144 3
8145 4
8146 6
8147 6
8148 5
8149 4
8150 8
8151 6
8152 8
8153 8
8154 16
8155 6
8156 5
8157 12
8158 3
8159 6
8160 5
8161 6
8162 6
8163 9
8164 5
8165 7
8166 5
8167 12
8168 4
8169 6
8170 9
8171 6
8172 7
8173 4
8174 7
8175 8
8176 5
8177 5
8178 4
8179 4
8180 4
8181 9
8182 6
8183 5
8184 7
8185 6
8186 6
8187 4
8188 5
8189 5
8190 4
8191 7
8192 6
8193 4
8194 4
8195 10
8196 16
8197 4
8198 18
8199 9
8200 6
8201 10
8202 5
8203 7
8204 8
8205 10
8206 5
8207 8
8208 5
8209 3
8210 26
8211 5
8212 7
8213 4
8214 5
8215 9
8216 10
8217 16
8218 10
8219 4
8220 10
8221 4
8222 7
8223 5
8224 11
8225 7
8226 5
8227 3
8228 7
8229 4
8230 7
8231 6
8232 8
8233 5
8234 6
8235 12
8236 5
8237 5
8238 5
8239 4
8240 5
8241 8
8242 6
8243 6
8244 7
8245 6
8246 6
8247 5
8248 13
8249 9
8250 14
8251 4
8252 5
8253 5
8254 6
8255 9
8256 14
8257 7
8258 4
8259 6
8260 4
8261 17
8262 11
8263 6
8264 8
8265 6
8266 2
8267 4
8268 5
8269 5
8270 7
8271 4
8272 5
8273 6
8274 6
8275 5
8276 8
8277 6
8278 9
8279 9
8280 3
8281 8
8282 7
8283 5
8284 4
8285 7
8286 4
8287 4
8288 4
8289 5
8290 4
8291 9
8292 5
8293 8
8294 4
8295 5
8296 8
8297 4
8298 12
8299 9
8300 13
8301 5
8302 7
8303 8
8304 6
8305 3
8306 9
8307 5
8308 8
8309 7
8310 8
8311 10
8312 4
8313 4
8314 4
8315 4
8316 5
8317 7
8318 14
8319 21
8320 2
8321 4
8322 12
8323 6
8324 5
8325 5
8326 11
8327 7
8328 4
8329 7
8330 11
8331 4
8332 6
8333 7
8334 10
8335 5
8336 3
8337 5
8338 10
8339 7
8340 12
8341 7
8342 6
8343 14
8344 9
8345 7
8346 6
8347 6
8348 4
8349 9
8350 4
8351 4
8352 5
8353 4
8354 8
8355 5
8356 4
8357 4
8358 7
8359 5
8360 6
8361 8
8362 5
8363 4
8364 3
8365 4
8366 4
8367 5
8368 10
8369 4
8370 11
8371 10
8372 6
8373 6
8374 4
8375 5
8376 7
8377 12
8378 5
8379 16
8380 5
8381 6
8382 6
8383 4
8384 9
8385 6
8386 6
8387 5
8388 7
8389 7
8390 8
8391 6
8392 5
8393 4
8394 8
8395 5
8396 5
8397 10
8398 8
8399 7
8400 7
8401 4
8402 5
8403 5
8404 9
8405 2
8406 4
8407 5
8408 26
8409 6
8410 6
8411 7
8412 7
8413 9
8414 3
8415 4
8416 10
8417 4
8418 10
8419 11
8420 4
8421 6
8422 7
8423 7
8424 3
8425 10
8426 10
8427 5
8428 4
8429 11
8430 3
8431 7
8432 9
8433 9
8434 6
8435 6
8436 5
8437 5
8438 9
8439 3
8440 7
8441 4
8442 9
8443 5
8444 5
8445 6
8446 4
8447 5
8448 5
8449 6
8450 4
8451 5
8452 6
8453 5
8454 9
8455 6
8456 7
8457 6
8458 7
8459 5
8460 6
8461 6
8462 7
8463 7
8464 6
8465 6
8466 11
8467 5
8468 5
8469 9
8470 6
8471 13
8472 6
8473 10
8474 4
8475 5
8476 5
8477 5
8478 6
8479 12
8480 5
8481 6
8482 11
8483 7
8484 5
8485 6
8486 4
8487 6
8488 5
8489 4
8490 6
8491 8
8492 5
8493 6
8494 6
8495 4
8496 6
8497 11
8498 7
8499 5
8500 5
8501 5
8502 5
8503 5
8504 5
8505 6
8506 5
8507 8
8508 5
8509 10
8510 9
8511 6
8512 5
8513 5
8514 7
8515 5
8516 5
8517 10
8518 5
8519 6
8520 3
8521 5
8522 6
8523 4
8524 8
8525 16
8526 5
8527 3
8528 8
8529 5
8530 3
8531 6
8532 5
8533 5
8534 7
8535 7
8536 6
8537 3
8538 5
8539 5
8540 6
8541 9
8542 11
8543 5
8544 7
8545 4
8546 5
8547 4
8548 5
8549 5
8550 6
8551 4
8552 6
8553 5
8554 5
8555 4
8556 5
8557 2
8558 5
8559 5
8560 5
8561 10
8562 6
8563 5
8564 5
8565 4
8566 5
8567 8
8568 5
8569 10
8570 5
8571 21
8572 7
8573 11
8574 9
8575 7
8576 5
8577 6
8578 7
8579 6
8580 3
8581 8
8582 7
8583 18
8584 5
8585 7
8586 5
8587 9
8588 6
8589 4
8590 8
8591 7
8592 21
8593 8
8594 8
8595 5
8596 6
8597 8
8598 3
8599 5
8600 3
8601 5
8602 6
8603 7
8604 5
8605 6
8606 4
8607 4
8608 3
8609 6
8610 4
8611 6
8612 6
8613 7
8614 5
8615 7
8616 3
8617 5
8618 5
8619 5
8620 3
8621 6
8622 7
8623 5
8624 6
8625 4
8626 4
8627 5
8628 12
8629 10
8630 4
8631 6
8632 5
8633 8
8634 7
8635 5
8636 5
8637 5
8638 5
8639 3
8640 5
8641 5
8642 6
8643 5
8644 23
8645 6
8646 5
8647 5
8648 5
8649 8
8650 6
8651 5
8652 8
8653 6
8654 8
8655 7
8656 5
8657 4
8658 6
8659 6
8660 3
8661 5
8662 5
8663 4
8664 9
8665 6
8666 7
8667 5
8668 11
8669 4
8670 12
8671 5
8672 7
8673 6
8674 6
8675 14
8676 4
8677 4
8678 6
8679 8
8680 6
8681 3
8682 4
8683 5
8684 8
8685 7
8686 15
8687 16
8688 4
8689 6
8690 14
8691 4
8692 8
8693 12
8694 6
8695 4
8696 4
8697 6
8698 4
8699 5
8700 4
8701 6
8702 10
8703 5
8704 6
8705 8
8706 7
8707 5
8708 5
8709 5
8710 8
8711 5
8712 4
8713 5
8714 6
8715 8
8716 5
8717 5
8718 4
8719 6
8720 5
8721 5
8722 5
8723 6
8724 5
8725 4
8726 7
8727 5
8728 11
8729 6
8730 5
8731 4
8732 7
8733 6
8734 5
8735 3
8736 4
8737 7
8738 5
8739 11
8740 5
8741 8
8742 4
8743 7
8744 5
8745 5
8746 4
8747 13
8748 5
8749 7
8750 5
8751 5
8752 5
8753 6
8754 4
8755 8
8756 8
8757 8
8758 5
8759 11
8760 4
8761 6
8762 4
8763 5
8764 6
8765 4
8766 7
8767 3
8768 18
8769 12
8770 5
8771 5
8772 6
8773 5
8774 14
8775 6
8776 8
8777 3
8778 6
8779 6
8780 5
8781 10
8782 11
8783 5
8784 5
8785 3
8786 6
8787 5
8788 3
8789 5
8790 4
8791 4
8792 5
8793 6
8794 4
8795 9
8796 3
8797 8
8798 4
8799 4
8800 5
8801 5
8802 7
8803 7
8804 6
8805 7
8806 6
8807 5
8808 9
8809 6
8810 5
8811 2
8812 9
8813 6
8814 6
8815 4
8816 4
8817 5
8818 5
8819 4
8820 4
8821 7
8822 5
8823 4
8824 5
8825 5
8826 4
8827 8
8828 5
8829 5
8830 5
8831 4
8832 11
8833 13
8834 6
8835 3
8836 3
8837 3
8838 6
8839 6
8840 3
8841 8
8842 10
8843 14
8844 4
8845 5
8846 11
8847 4
8848 5
8849 6
8850 5
8851 5
8852 4
8853 4
8854 11
8855 7
8856 10
8857 5
8858 5
8859 3
8860 4
8861 2
8862 5
8863 5
8864 5
8865 6
8866 7
8867 4
8868 6
8869 8
8870 6
8871 4
8872 7
8873 6
8874 4
8875 10
8876 6
8877 5
8878 4
8879 7
8880 4
8881 16
8882 6
8883 5
8884 19
8885 17
8886 4
8887 4
8888 6
8889 4
8890 5
8891 4
8892 5
8893 4
8894 5
8895 5
8896 6
8897 6
8898 9
8899 6
8900 5
8901 4
8902 11
8903 3
8904 10
8905 3
8906 5
8907 5
8908 4
8909 4
8910 5
8911 8
8912 9
8913 4
8914 7
8915 9
8916 4
8917 5
8918 3
8919 5
8920 8
8921 4
8922 6
8923 5
8924 6
8925 5
8926 4
8927 4
8928 7
8929 3
8930 5
8931 7
8932 5
8933 5
8934 7
8935 7
8936 4
8937 5
8938 5
8939 8
8940 10
8941 4
8942 8
8943 3
8944 3
8945 3
8946 5
8947 6
8948 4
8949 7
8950 6
8951 9
8952 5
8953 5
8954 5
8955 9
8956 8
8957 6
8958 6
8959 5
8960 5
8961 5
8962 9
8963 4
8964 5
8965 4
8966 5
8967 5
8968 5
8969 5
8970 3
8971 7
8972 5
8973 4
8974 4
8975 6
8976 6
8977 6
8978 5
8979 4
8980 6
8981 5
8982 5
8983 3
8984 5
8985 7
8986 4
8987 4
8988 5
8989 7
8990 6
8991 5
8992 5
8993 5
8994 18
8995 5
8996 12
8997 5
8998 5
8999 7
9000 5
9001 5
9002 6
9003 9
9004 5
9005 15
9006 8
9007 7
9008 6
9009 5
9010 3
9011 5
9012 6
9013 10
9014 5
9015 6
9016 7
9017 4
9018 3
9019 4
9020 4
9021 6
9022 5
9023 5
9024 5
9025 7
9026 4
9027 5
9028 2
9029 10
9030 5
9031 6
9032 4
9033 6
9034 13
9035 6
9036 4
9037 6
9038 6
9039 5
9040 12
9041 10
9042 4
9043 4
9044 5
9045 7
9046 12
9047 5
9048 5
9049 5
9050 4
9051 5
9052 5
9053 4
9054 6
9055 4
9056 7
9057 5
9058 5
9059 5
9060 4
9061 10
9062 4
9063 5
9064 4
9065 6
9066 5
9067 3
9068 5
9069 6
9070 7
9071 3
9072 4
9073 7
9074 6
9075 5
9076 9
9077 3
9078 8
9079 5
9080 4
9081 5
9082 3
9083 6
9084 2
9085 3
9086 4
9087 5
9088 4
9089 5
9090 6
9091 8
9092 5
9093 5
9094 8
9095 5
9096 5
9097 4
9098 3
9099 9
9100 6
9101 5
9102 5
9103 6
9104 11
9105 7
9106 3
9107 5
9108 6
9109 6
9110 4
9111 5
9112 5
9113 6
9114 4
9115 3
9116 5
9117 4
9118 5
9119 4
9120 5
9121 3
9122 2
9123 6
9124 5
9125 3
9126 4
9127 3
9128 2
9129 5
9130 7
9131 9
9132 4
9133 6
9134 4
9135 5
9136 5
9137 5
9138 5
9139 5
9140 6
9141 7
9142 10
9143 5
9144 6
9145 7
9146 2
9147 5
9148 11
9149 3
9150 5
9151 4
9152 5
9153 4
9154 4
9155 3
9156 5
9157 8
9158 6
9159 4
9160 4
9161 5
9162 5
9163 6
9164 10
9165 5
9166 5
9167 7
9168 5
9169 5
9170 5
9171 6
9172 3
9173 4
9174 4
9175 3
9176 5
9177 5
9178 4
9179 7
9180 4
9181 6
9182 6
9183 4
9184 9
9185 7
9186 8
9187 5
9188 4
9189 5
9190 5
9191 4
9192 6
9193 6
9194 3
9195 6
9196 5
9197 4
9198 8
9199 6
9200 4
9201 4
9202 5
9203 7
9204 4
9205 3
9206 4
9207 4
9208 8
9209 5
9210 6
9211 6
9212 3
9213 5
9214 8
9215 3
9216 3
9217 4
9218 4
9219 4
9220 5
9221 4
9222 5
9223 5
9224 5
9225 6
9226 6
9227 5
9228 6
9229 7
9230 3
9231 2
9232 23
9233 5
9234 6
9235 7
9236 2
9237 4
9238 4
9239 3
9240 4
9241 5
9242 5
9243 4
9244 5
9245 4
9246 5
9247 4
9248 5
9249 5
9250 5
9251 4
9252 6
9253 5
9254 2
9255 3
9256 4
9257 7
9258 4
9259 12
9260 9
9261 4
9262 5
9263 5
9264 2
9265 4
9266 4
9267 5
9268 2
9269 3
9270 4
9271 5
9272 5
9273 6
9274 5
9275 5
9276 4
9277 3
9278 4
9279 5
9280 3
9281 4
9282 4
9283 4
9284 5
9285 6
9286 4
9287 3
9288 3
9289 4
9290 6
9291 4
9292 3
9293 5
9294 5
9295 5
9296 5
9297 2
9298 3
9299 5
9300 2
9301 4
9302 3
9303 4
9304 5
9305 4
9306 5
9307 4
9308 3
9309 5
9310 4
9311 4
9312 3
9313 3
9314 4
9315 4
9316 4
9317 4
9318 4
9319 4
9320 13
9321 8
9322 8
9323 10
