0 21
1 32
2 39
3 5
4 40
5 9
6 76
7 42
8 3
9 7
10 86
11 9
12 4
13 17
14 114
15 53
16 19
17 56
18 10
19 12
20 8
21 6
22 6
23 6
24 21
25 5
26 6
27 24
28 5
29 4
30 6
31 6
32 5
33 6
34 30
35 81
36 47
37 8
38 62
39 8
40 10
41 4
42 173
43 5
44 218
45 8
46 5
47 7
48 6
49 12
50 14
51 9
52 10
53 12
54 9
55 11
56 6
57 11
58 12
59 13
60 6
61 12
62 74
63 6
64 9
65 17
66 8
67 18
68 5
69 6
70 19
71 59
72 5
73 10
74 5
75 5
76 21
77 6
78 43
79 43
80 31
81 9
82 11
83 7
84 4
85 5
86 13
87 6
88 53
89 37
90 46
91 4
92 7
93 6
94 4
95 8
96 6
97 7
98 8
99 9
100 7
101 18
102 163
103 42
104 25
105 5
106 9
107 5
108 7
109 4
110 9
111 15
112 14
113 22
114 5
115 87
116 19
117 57
118 42
119 9
120 12
121 5
122 5
123 80
124 24
125 56
126 8
127 59
128 27
129 32
130 41
131 47
132 49
133 220
134 12
135 13
136 34
137 14
138 14
139 5
140 99
141 48
142 12
143 5
144 7
145 7
146 5
147 5
148 10
149 9
150 4
151 5
152 7
153 9
154 5
155 5
156 5
157 13
158 7
159 6
160 7
161 9
162 9
163 4
164 8
165 5
166 61
167 5
168 36
169 60
170 6
171 5
172 30
173 48
174 46
175 36
176 122
177 6
178 17
179 5
180 52
181 58
182 5
183 5
184 11
185 61
186 42
187 78
188 11
189 13
190 28
191 82
192 60
193 19
194 16
195 13
196 15
197 11
198 28
199 26
200 59
201 32
202 22
203 45
204 43
205 47
206 66
207 90
208 16
209 242
210 51
211 22
212 5
213 35
214 19
215 4
216 5
217 15
218 5
219 20
220 79
221 6
222 5
223 101
224 148
225 81
226 79
227 9
228 55
229 14
230 59
231 46
232 15
233 53
234 8
235 9
236 6
237 46
238 47
239 36
240 15
241 18
242 5
243 61
244 65
245 6
246 10
247 19
248 7
249 6
250 10
251 7
252 4
253 5
254 43
255 10
256 18
257 17
258 7
259 6
260 5
261 10
262 17
263 6
264 6
265 8
266 10
267 3
268 62
269 12
270 16
271 19
272 16
273 12
274 12
275 20
276 12
277 47
278 12
279 9
280 66
281 30
282 16
283 21
284 7
285 16
286 73
287 11
288 25
289 12
290 4
291 4
292 6
293 7
294 6
295 43
296 98
297 9
298 5
299 47
300 82
301 27
302 15
303 12
304 7
305 7
306 35
307 57
308 45
309 55
310 55
311 61
312 54
313 17
314 35
315 84
316 24
317 8
318 14
319 7
320 13
321 6
322 5
323 8
324 9
325 4
326 51
327 31
328 14
329 80
330 8
331 6
332 6
333 33
334 66
335 60
336 5
337 17
338 18
339 11
340 7
341 12
342 68
343 43
344 193
345 52
346 29
347 68
348 31
349 66
350 6
351 8
352 24
353 13
354 5
355 20
356 5
357 17
358 5
359 5
360 2
361 7
362 4
363 29
364 11
365 7
366 4
367 5
368 10
369 21
370 6
371 9
372 10
373 17
374 6
375 7
376 5
377 5
378 5
379 5
380 29
381 6
382 5
383 22
384 16
385 8
386 8
387 10
388 10
389 9
390 14
391 5
392 15
393 11
394 11
395 7
396 8
397 43
398 4
399 226
400 4
401 7
402 52
403 25
404 7
405 29
406 27
407 9
408 11
409 12
410 12
411 19
412 52
413 6
414 104
415 113
416 9
417 15
418 5
419 28
420 64
421 8
422 12
423 27
424 25
425 13
426 7
427 19
428 4
429 25
430 23
431 44
432 28
433 19
434 7
435 10
436 7
437 6
438 9
439 17
440 36
441 42
442 5
443 7
444 12
445 18
446 7
447 42
448 6
449 6
450 27
451 42
452 9
453 6
454 13
455 7
456 4
457 7
458 8
459 19
460 20
461 86
462 96
463 23
464 34
465 7
466 7
467 4
468 5
469 4
470 18
471 23
472 5
473 123
474 39
475 106
476 9
477 53
478 40
479 7
480 4
481 11
482 18
483 12
484 5
485 16
486 69
487 44
488 46
489 5
490 6
491 77
492 5
493 9
494 74
495 7
496 106
497 4
498 7
499 10
500 3
501 6
502 5
503 21
504 19
505 7
506 5
507 11
508 7
509 9
510 3
511 4
512 30
513 36
514 24
515 64
516 5
517 8
518 7
519 6
520 5
521 14
522 9
523 6
524 12
525 10
526 10
527 5
528 28
529 17
530 7
531 8
532 4
533 95
534 6
535 19
536 180
537 88
538 34
539 160
540 39
541 37
542 36
543 88
544 17
545 75
546 22
547 34
548 50
549 130
550 56
551 61
552 63
553 73
554 47
555 42
556 96
557 86
558 128
559 29
560 64
561 4
562 34
563 44
564 55
565 18
566 60
567 41
568 31
569 8
570 24
571 5
572 11
573 19
574 7
575 2
576 19
577 4
578 34
579 88
580 235
581 12
582 44
583 19
584 25
585 77
586 8
587 5
588 179
589 19
590 19
591 7
592 21
593 77
594 14
595 26
596 11
597 187
598 24
599 10
600 20
601 6
602 6
603 31
604 5
605 22
606 12
607 31
608 12
609 12
610 5
611 7
612 7
613 33
614 7
615 46
616 31
617 41
618 17
619 62
620 31
621 38
622 9
623 14
624 26
625 6
626 9
627 181
628 79
629 8
630 25
631 16
632 27
633 13
634 15
635 44
636 44
637 8
638 11
639 11
640 34
641 7
642 43
643 5
644 23
645 11
646 4
647 8
648 4
649 18
650 9
651 13
652 5
653 5
654 29
655 15
656 5
657 11
658 5
659 33
660 20
661 14
662 59
663 119
664 11
665 12
666 152
667 73
668 53
669 12
670 122
671 10
672 5
673 4
674 9
675 14
676 9
677 11
678 5
679 13
680 18
681 21
682 92
683 14
684 36
685 29
686 9
687 49
688 30
689 12
690 9
691 10
692 11
693 10
694 5
695 5
696 6
697 5
698 57
699 14
700 47
701 84
702 25
703 9
704 30
705 15
706 13
707 19
708 4
709 14
710 6
711 14
712 5
713 7
714 6
715 4
716 29
717 6
718 36
719 30
720 16
721 22
722 5
723 59
724 21
725 22
726 5
727 28
728 13
729 10
730 6
731 8
732 10
733 5
734 11
735 7
736 8
737 5
738 8
739 6
740 13
741 12
742 22
743 13
744 6
745 51
746 6
747 4
748 10
749 13
750 7
751 10
752 11
753 5
754 16
755 9
756 4
757 4
758 4
759 5
760 4
761 4
762 7
763 5
764 4
765 25
766 46
767 7
768 9
769 66
770 5
771 59
772 15
773 13
774 16
775 7
776 20
777 6
778 24
779 20
780 39
781 219
782 307
783 84
784 15
785 39
786 5
787 18
788 17
789 5
790 12
791 8
792 36
793 23
794 12
795 10
796 43
797 25
798 9
799 5
800 30
801 53
802 23
803 37
804 44
805 74
806 8
807 16
808 13
809 8
810 6
811 8
812 8
813 8
814 7
815 272
816 29
817 36
818 10
819 12
820 9
821 18
822 91
823 10
824 7
825 10
826 6
827 8
828 14
829 24
830 10
831 7
832 46
833 9
834 5
835 33
836 4
837 7
838 13
839 7
840 10
841 7
842 12
843 7
844 6
845 10
846 20
847 24
848 5
849 6
850 4
851 6
852 5
853 10
854 4
855 6
856 6
857 6
858 30
859 11
860 4
861 5
862 23
863 5
864 12
865 2
866 62
867 81
868 15
869 5
870 39
871 13
872 4
873 5
874 32
875 6
876 6
877 8
878 14
879 11
880 5
881 14
882 6
883 12
884 8
885 140
886 7
887 17
888 33
889 9
890 20
891 6
892 75
893 11
894 7
895 5
896 205
897 15
898 26
899 5
900 11
901 9
902 4
903 8
904 17
905 33
906 100
907 17
908 6
909 6
910 6
911 52
912 5
913 15
914 7
915 3
916 66
917 17
918 8
919 56
920 4
921 7
922 5
923 10
924 5
925 4
926 23
927 9
928 3
929 19
930 5
931 17
932 5
933 16
934 9
935 6
936 57
937 5
938 37
939 17
940 6
941 10
942 19
943 9
944 26
945 6
946 4
947 135
948 113
949 30
950 50
951 20
952 97
953 22
954 4
955 13
956 16
957 5
958 31
959 32
960 23
961 15
962 7
963 9
964 5
965 9
966 38
967 44
968 22
969 6
970 6
971 37
972 5
973 32
974 8
975 79
976 65
977 61
978 17
979 9
980 8
981 4
982 8
983 11
984 11
985 4
986 6
987 4
988 6
989 31
990 12
991 51
992 56
993 31
994 31
995 42
996 6
997 13
998 29
999 15
1000 26
1001 6
1002 12
1003 33
1004 7
1005 14
1006 14
1007 12
1008 34
1009 7
1010 7
1011 4
1012 5
1013 9
1014 35
1015 14
1016 5
1017 12
1018 7
1019 93
1020 12
1021 8
1022 21
1023 10
1024 13
1025 6
1026 5
1027 35
1028 25
1029 16
1030 9
1031 6
1032 8
1033 7
1034 6
1035 5
1036 5
1037 5
1038 5
1039 7
1040 31
1041 31
1042 14
1043 15
1044 5
1045 57
1046 6
1047 34
1048 9
1049 6
1050 38
1051 5
1052 4
1053 8
1054 11
1055 7
1056 16
1057 18
1058 20
1059 8
1060 16
1061 4
1062 18
1063 6
1064 16
1065 14
1066 27
1067 13
1068 8
1069 21
1070 5
1071 16
1072 11
1073 17
1074 7
1075 11
1076 6
1077 27
1078 68
1079 9
1080 13
1081 17
1082 8
1083 7
1084 3
1085 6
1086 9
1087 19
1088 6
1089 81
1090 2
1091 46
1092 5
1093 7
1094 31
1095 12
1096 31
1097 6
1098 12
1099 7
1100 26
1101 16
1102 11
1103 20
1104 7
1105 9
1106 6
1107 38
1108 13
1109 6
1110 30
1111 4
1112 6
1113 10
1114 7
1115 36
1116 8
1117 5
1118 13
1119 27
1120 11
1121 15
1122 6
1123 7
1124 18
1125 21
1126 5
1127 80
1128 4
1129 18
1130 17
1131 11
1132 8
1133 6
1134 5
1135 6
1136 24
1137 11
1138 13
1139 18
1140 10
1141 17
1142 5
1143 15
1144 41
1145 28
1146 5
1147 5
1148 10
1149 7
1150 5
1151 5
1152 24
1153 20
1154 81
1155 38
1156 31
1157 8
1158 4
1159 6
1160 91
1161 41
1162 5
1163 78
1164 271
1165 84
1166 54
1167 168
1168 62
1169 27
1170 22
1171 97
1172 75
1173 27
1174 77
1175 163
1176 78
1177 52
1178 82
1179 81
1180 42
1181 50
1182 70
1183 57
1184 86
1185 67
1186 56
1187 9
1188 8
1189 49
1190 29
1191 79
1192 24
1193 45
1194 49
1195 54
1196 69
1197 12
1198 55
1199 28
1200 16
1201 30
1202 7
1203 8
1204 20
1205 6
1206 6
1207 7
1208 26
1209 7
1210 26
1211 119
1212 23
1213 4
1214 17
1215 19
1216 15
1217 5
1218 17
1219 63
1220 26
1221 12
1222 14
1223 6
1224 14
1225 10
1226 12
1227 8
1228 31
1229 8
1230 10
1231 20
1232 8
1233 12
1234 15
1235 5
1236 52
1237 7
1238 5
1239 24
1240 6
1241 7
1242 22
1243 5
1244 164
1245 17
1246 15
1247 6
1248 32
1249 89
1250 25
1251 18
1252 29
1253 90
1254 8
1255 9
1256 5
1257 142
1258 45
1259 252
1260 7
1261 17
1262 13
1263 15
1264 23
1265 32
1266 4
1267 29
1268 7
1269 17
1270 15
1271 5
1272 9
1273 69
1274 5
1275 35
1276 5
1277 4
1278 46
1279 26
1280 12
1281 10
1282 10
1283 8
1284 27
1285 7
1286 27
1287 15
1288 8
1289 4
1290 7
1291 5
1292 4
1293 5
1294 29
1295 12
1296 71
1297 26
1298 9
1299 18
1300 5
1301 10
1302 9
1303 5
1304 16
1305 40
1306 11
1307 42
1308 7
1309 6
1310 6
1311 3
1312 5
1313 90
1314 4
1315 5
1316 57
1317 7
1318 18
1319 22
1320 12
1321 19
1322 5
1323 32
1324 10
1325 4
1326 13
1327 4
1328 14
1329 9
1330 17
1331 10
1332 7
1333 7
1334 39
1335 6
1336 6
1337 7
1338 13
1339 33
1340 5
1341 5
1342 7
1343 18
1344 38
1345 23
1346 55
1347 4
1348 10
1349 6
1350 5
1351 3
1352 22
1353 111
1354 71
1355 47
1356 4
1357 4
1358 11
1359 21
1360 99
1361 11
1362 42
1363 53
1364 6
1365 27
1366 49
1367 10
1368 6
1369 63
1370 10
1371 45
1372 36
1373 15
1374 36
1375 14
1376 23
1377 12
1378 10
1379 7
1380 9
1381 6
1382 6
1383 5
1384 62
1385 35
1386 14
1387 7
1388 5
1389 6
1390 12
1391 16
1392 4
1393 12
1394 8
1395 17
1396 14
1397 26
1398 8
1399 4
1400 27
1401 12
1402 15
1403 10
1404 5
1405 5
1406 49
1407 5
1408 8
1409 89
1410 34
1411 20
1412 15
1413 23
1414 67
1415 12
1416 13
1417 16
1418 7
1419 94
1420 58
1421 9
1422 7
1423 15
1424 6
1425 132
1426 111
1427 51
1428 11
1429 73
1430 20
1431 61
1432 37
1433 45
1434 9
1435 16
1436 9
1437 19
1438 14
1439 29
1440 12
1441 6
1442 17
1443 14
1444 8
1445 5
1446 8
1447 15
1448 14
1449 15
1450 11
1451 11
1452 5
1453 4
1454 17
1455 8
1456 8
1457 37
1458 15
1459 22
1460 33
1461 31
1462 62
1463 58
1464 187
1465 24
1466 19
1467 39
1468 33
1469 9
1470 12
1471 63
1472 13
1473 7
1474 11
1475 12
1476 18
1477 5
1478 41
1479 33
1480 10
1481 4
1482 13
1483 9
1484 6
1485 16
1486 19
1487 12
1488 58
1489 42
1490 7
1491 9
1492 26
1493 14
1494 5
1495 6
1496 5
1497 4
1498 6
1499 19
1500 23
1501 22
1502 22
1503 8
1504 10
1505 7
1506 5
1507 6
1508 13
1509 9
1510 5
1511 8
1512 3
1513 5
1514 24
1515 16
1516 17
1517 10
1518 56
1519 68
1520 7
1521 12
1522 6
1523 82
1524 10
1525 36
1526 7
1527 12
1528 101
1529 98
1530 5
1531 27
1532 10
1533 10
1534 14
1535 12
1536 6
1537 23
1538 13
1539 9
1540 103
1541 25
1542 7
1543 10
1544 5
1545 4
1546 6
1547 17
1548 10
1549 8
1550 8
1551 8
1552 12
1553 21
1554 13
1555 11
1556 23
1557 15
1558 7
1559 7
1560 6
1561 5
1562 5
1563 16
1564 11
1565 9
1566 4
1567 83
1568 64
1569 6
1570 9
1571 17
1572 10
1573 4
1574 14
1575 17
1576 4
1577 5
1578 8
1579 8
1580 5
1581 4
1582 31
1583 18
1584 5
1585 8
1586 38
1587 12
1588 79
1589 14
1590 6
1591 12
1592 22
1593 6
1594 51
1595 5
1596 5
1597 5
1598 8
1599 10
1600 79
1601 23
1602 5
1603 8
1604 7
1605 8
1606 4
1607 62
1608 15
1609 6
1610 14
1611 66
1612 7
1613 8
1614 6
1615 17
1616 35
1617 42
1618 5
1619 7
1620 10
1621 6
1622 5
1623 11
1624 8
1625 7
1626 10
1627 22
1628 32
1629 39
1630 6
1631 40
1632 9
1633 8
1634 4
1635 5
1636 10
1637 5
1638 14
1639 6
1640 6
1641 70
1642 18
1643 8
1644 3
1645 20
1646 12
1647 16
1648 7
1649 11
1650 9
1651 24
1652 16
1653 4
1654 5
1655 6
1656 11
1657 7
1658 5
1659 8
1660 31
1661 31
1662 85
1663 21
1664 17
1665 26
1666 39
1667 9
1668 11
1669 8
1670 11
1671 3
1672 16
1673 7
1674 38
1675 8
1676 75
1677 7
1678 83
1679 19
1680 29
1681 51
1682 18
1683 14
1684 10
1685 8
1686 11
1687 7
1688 52
1689 10
1690 27
1691 23
1692 4
1693 6
1694 5
1695 8
1696 18
1697 14
1698 8
1699 17
1700 47
1701 11
1702 5
1703 7
1704 18
1705 54
1706 12
1707 34
1708 9
1709 19
1710 15
1711 167
1712 18
1713 200
1714 20
1715 5
1716 11
1717 26
1718 14
1719 8
1720 26
1721 22
1722 10
1723 6
1724 5
1725 10
1726 7
1727 21
1728 9
1729 6
1730 5
1731 39
1732 65
1733 95
1734 6
1735 15
1736 34
1737 8
1738 7
1739 5
1740 16
1741 7
1742 10
1743 12
1744 18
1745 49
1746 23
1747 63
1748 21
1749 27
1750 82
1751 53
1752 28
1753 8
1754 9
1755 5
1756 15
1757 5
1758 64
1759 141
1760 70
1761 47
1762 8
1763 20
1764 41
1765 20
1766 40
1767 36
1768 64
1769 9
1770 8
1771 34
1772 8
1773 31
1774 31
1775 6
1776 7
1777 32
1778 5
1779 8
1780 4
1781 5
1782 4
1783 19
1784 7
1785 8
1786 5
1787 45
1788 6
1789 6
1790 65
1791 9
1792 17
1793 28
1794 49
1795 12
1796 10
1797 16
1798 13
1799 29
1800 6
1801 20
1802 36
1803 87
1804 9
1805 14
1806 5
1807 10
1808 5
1809 12
1810 17
1811 10
1812 11
1813 8
1814 19
1815 8
1816 15
1817 14
1818 5
1819 7
1820 5
1821 10
1822 7
1823 17
1824 12
1825 21
1826 11
1827 32
1828 3
1829 11
1830 7
1831 5
1832 8
1833 8
1834 7
1835 10
1836 5
1837 34
1838 21
1839 10
1840 24
1841 16
1842 94
1843 5
1844 9
1845 6
1846 99
1847 6
1848 12
1849 11
1850 29
1851 5
1852 10
1853 8
1854 7
1855 6
1856 21
1857 6
1858 20
1859 6
1860 6
1861 17
1862 6
1863 6
1864 23
1865 9
1866 5
1867 12
1868 13
1869 16
1870 10
1871 4
1872 16
1873 11
1874 7
1875 5
1876 8
1877 79
1878 69
1879 14
1880 15
1881 28
1882 10
1883 7
1884 11
1885 31
1886 23
1887 22
1888 8
1889 41
1890 12
1891 18
1892 5
1893 5
1894 6
1895 14
1896 38
1897 5
1898 6
1899 10
1900 11
1901 6
1902 8
1903 6
1904 8
1905 32
1906 11
1907 146
1908 17
1909 16
1910 11
1911 11
1912 6
1913 4
1914 4
1915 8
1916 9
1917 4
1918 9
1919 10
1920 28
1921 5
1922 5
1923 15
1924 67
1925 10
1926 19
1927 35
1928 18
1929 12
1930 26
1931 13
1932 10
1933 6
1934 37
1935 16
1936 20
1937 24
1938 37
1939 11
1940 17
1941 6
1942 27
1943 6
1944 5
1945 33
1946 18
1947 5
1948 7
1949 12
1950 4
1951 4
1952 5
1953 5
1954 5
1955 8
1956 4
1957 8
1958 65
1959 46
1960 20
1961 52
1962 4
1963 4
1964 6
1965 13
1966 22
1967 87
1968 14
1969 54
1970 46
1971 14
1972 6
1973 43
1974 21
1975 21
1976 5
1977 5
1978 19
1979 6
1980 16
1981 7
1982 10
1983 6
1984 6
1985 4
1986 25
1987 64
1988 8
1989 6
1990 18
1991 7
1992 21
1993 8
1994 56
1995 58
1996 50
1997 183
1998 50
1999 54
2000 23
2001 32
2002 44
2003 95
2004 54
2005 24
2006 5
2007 19
2008 68
2009 8
2010 28
2011 5
2012 14
2013 5
2014 6
2015 4
2016 41
2017 6
2018 5
2019 6
2020 13
2021 14
2022 8
2023 7
2024 20
2025 11
2026 8
2027 8
2028 7
2029 6
2030 5
2031 52
2032 5
2033 11
2034 5
2035 5
2036 8
2037 26
2038 31
2039 5
2040 57
2041 16
2042 13
2043 10
2044 6
2045 7
2046 21
2047 10
2048 48
2049 10
2050 31
2051 6
2052 6
2053 7
2054 8
2055 21
2056 18
2057 12
2058 8
2059 23
2060 24
2061 5
2062 26
2063 57
2064 72
2065 10
2066 64
2067 60
2068 5
2069 40
2070 63
2071 15
2072 35
2073 4
2074 37
2075 10
2076 10
2077 9
2078 14
2079 8
2080 5
2081 11
2082 14
2083 23
2084 5
2085 6
2086 12
2087 5
2088 5
2089 21
2090 10
2091 6
2092 13
2093 44
2094 7
2095 5
2096 4
2097 6
2098 14
2099 5
2100 4
2101 24
2102 13
2103 64
2104 18
2105 17
2106 13
2107 14
2108 5
2109 76
2110 8
2111 9
2112 13
2113 19
2114 18
2115 5
2116 9
2117 11
2118 11
2119 67
2120 72
2121 57
2122 8
2123 14
2124 14
2125 12
2126 7
2127 4
2128 4
2129 28
2130 10
2131 7
2132 27
2133 7
2134 26
2135 8
2136 50
2137 14
2138 6
2139 9
2140 8
2141 4
2142 7
2143 7
2144 5
2145 4
2146 5
2147 15
2148 17
2149 58
2150 7
2151 22
2152 26
2153 9
2154 8
2155 13
2156 3
2157 36
2158 15
2159 37
2160 28
2161 11
2162 8
2163 5
2164 8
2165 19
2166 12
2167 19
2168 9
2169 8
2170 19
2171 11
2172 6
2173 7
2174 6
2175 6
2176 6
2177 5
2178 8
2179 26
2180 8
2181 10
2182 38
2183 16
2184 9
2185 5
2186 28
2187 15
2188 9
2189 6
2190 43
2191 81
2192 63
2193 14
2194 30
2195 23
2196 18
2197 30
2198 16
2199 2
2200 15
2201 9
2202 10
2203 37
2204 20
2205 8
2206 17
2207 4
2208 49
2209 3
2210 16
2211 5
2212 17
2213 11
2214 7
2215 5
2216 15
2217 14
2218 5
2219 6
2220 10
2221 5
2222 5
2223 14
2224 11
2225 4
2226 6
2227 16
2228 6
2229 8
2230 24
2231 145
2232 51
2233 8
2234 5
2235 5
2236 15
2237 14
2238 51
2239 16
2240 15
2241 10
2242 12
2243 13
2244 12
2245 5
2246 8
2247 7
2248 5
2249 7
2250 31
2251 21
2252 43
2253 10
2254 6
2255 14
2256 12
2257 19
2258 9
2259 4
2260 5
2261 8
2262 15
2263 11
2264 22
2265 14
2266 13
2267 14
2268 12
2269 5
2270 5
2271 9
2272 22
2273 9
2274 12
2275 5
2276 9
2277 3
2278 11
2279 11
2280 6
2281 12
2282 14
2283 21
2284 23
2285 6
2286 8
2287 9
2288 38
2289 6
2290 3
2291 11
2292 22
2293 57
2294 5
2295 4
2296 8
2297 19
2298 5
2299 14
2300 5
2301 14
2302 8
2303 17
2304 5
2305 8
2306 4
2307 7
2308 10
2309 14
2310 26
2311 46
2312 11
2313 5
2314 12
2315 7
2316 12
2317 9
2318 30
2319 3
2320 13
2321 11
2322 8
2323 5
2324 7
2325 10
2326 11
2327 7
2328 8
2329 24
2330 14
2331 13
2332 12
2333 5
2334 15
2335 8
2336 18
2337 27
2338 9
2339 52
2340 21
2341 16
2342 14
2343 9
2344 6
2345 18
2346 14
2347 11
2348 10
2349 6
2350 14
2351 5
2352 6
2353 4
2354 7
2355 5
2356 7
2357 9
2358 7
2359 9
2360 5
2361 18
2362 6
2363 13
2364 12
2365 4
2366 7
2367 30
2368 10
2369 8
2370 67
2371 23
2372 6
2373 5
2374 7
2375 5
2376 11
2377 13
2378 14
2379 4
2380 6
2381 8
2382 7
2383 8
2384 5
2385 27
2386 23
2387 25
2388 38
2389 14
2390 11
2391 15
2392 12
2393 72
2394 7
2395 12
2396 8
2397 24
2398 10
2399 21
2400 6
2401 7
2402 11
2403 12
2404 83
2405 12
2406 28
2407 19
2408 13
2409 12
2410 5
2411 4
2412 15
2413 17
2414 9
2415 5
2416 4
2417 4
2418 15
2419 7
2420 12
2421 5
2422 14
2423 7
2424 11
2425 22
2426 10
2427 15
2428 16
2429 5
2430 7
2431 4
2432 11
2433 6
2434 11
2435 5
2436 20
2437 5
2438 3
2439 5
2440 5
2441 7
2442 6
2443 16
2444 5
2445 32
2446 8
2447 12
2448 19
2449 16
2450 18
2451 22
2452 12
2453 8
2454 4
2455 7
2456 27
2457 6
2458 7
2459 4
2460 14
2461 24
2462 4
2463 10
2464 30
2465 5
2466 11
2467 13
2468 5
2469 4
2470 5
2471 6
2472 10
2473 7
2474 8
2475 7
2476 5
2477 5
2478 9
2479 6
2480 7
2481 5
2482 14
2483 8
2484 25
2485 29
2486 18
2487 7
2488 6
2489 9
2490 75
2491 5
2492 33
2493 28
2494 4
2495 6
2496 10
2497 5
2498 5
2499 9
2500 12
2501 47
2502 9
2503 37
2504 16
2505 10
2506 5
2507 4
2508 8
2509 9
2510 8
2511 27
2512 7
2513 6
2514 4
2515 4
2516 5
2517 27
2518 8
2519 8
2520 13
2521 23
2522 19
2523 17
2524 20
2525 10
2526 14
2527 10
2528 5
2529 62
2530 5
2531 20
2532 7
2533 15
2534 18
2535 5
2536 14
2537 6
2538 5
2539 11
2540 33
2541 11
2542 27
2543 8
2544 27
2545 10
2546 4
2547 7
2548 5
2549 12
2550 9
2551 4
2552 6
2553 3
2554 5
2555 17
2556 8
2557 18
2558 10
2559 6
2560 21
2561 7
2562 15
2563 111
2564 7
2565 5
2566 7
2567 8
2568 5
2569 35
2570 5
2571 16
2572 7
2573 7
2574 7
2575 6
2576 20
2577 9
2578 12
2579 9
2580 9
2581 26
2582 40
2583 14
2584 3
2585 6
2586 5
2587 7
2588 33
2589 16
2590 14
2591 74
2592 9
2593 88
2594 13
2595 17
2596 6
2597 7
2598 7
2599 9
2600 10
2601 10
2602 105
2603 5
2604 6
2605 9
2606 15
2607 6
2608 5
2609 26
2610 5
2611 14
2612 6
2613 34
2614 6
2615 13
2616 15
2617 19
2618 11
2619 13
2620 7
2621 49
2622 25
2623 6
2624 14
2625 23
2626 20
2627 4
2628 11
2629 38
2630 16
2631 7
2632 6
2633 4
2634 68
2635 52
2636 5
2637 21
2638 5
2639 13
2640 11
2641 13
2642 10
2643 21
2644 12
2645 12
2646 11
2647 11
2648 3
2649 4
2650 4
2651 7
2652 76
2653 47
2654 86
2655 18
2656 29
2657 22
2658 21
2659 5
2660 9
2661 20
2662 26
2663 16
2664 20
2665 37
2666 21
2667 24
2668 7
2669 20
2670 36
2671 17
2672 44
2673 14
2674 40
2675 5
2676 16
2677 40
2678 25
2679 6
2680 5
2681 21
2682 5
2683 19
2684 11
2685 25
2686 13
2687 13
2688 5
2689 11
2690 25
2691 8
2692 13
2693 6
2694 5
2695 43
2696 23
2697 5
2698 9
2699 3
2700 4
2701 13
2702 23
2703 43
2704 12
2705 12
2706 6
2707 8
2708 9
2709 7
2710 7
2711 12
2712 43
2713 8
2714 8
2715 6
2716 9
2717 4
2718 13
2719 24
2720 29
2721 10
2722 32
2723 19
2724 40
2725 23
2726 11
2727 11
2728 8
2729 5
2730 10
2731 13
2732 16
2733 6
2734 16
2735 6
2736 7
2737 5
2738 8
2739 5
2740 5
2741 5
2742 7
2743 6
2744 8
2745 14
2746 5
2747 9
2748 5
2749 5
2750 7
2751 7
2752 5
2753 9
2754 40
2755 38
2756 47
2757 27
2758 63
2759 19
2760 7
2761 5
2762 4
2763 7
2764 13
2765 16
2766 8
2767 23
2768 15
2769 58
2770 57
2771 27
2772 5
2773 8
2774 14
2775 12
2776 7
2777 7
2778 5
2779 67
2780 41
2781 13
2782 10
2783 31
2784 48
2785 52
2786 18
2787 11
2788 41
2789 7
2790 8
2791 6
2792 8
2793 15
2794 6
2795 6
2796 5
2797 5
2798 16
2799 18
2800 11
2801 13
2802 6
2803 5
2804 8
2805 7
2806 6
2807 5
2808 10
2809 36
2810 9
2811 8
2812 5
2813 5
2814 19
2815 17
2816 29
2817 9
2818 61
2819 7
2820 19
2821 9
2822 17
2823 49
2824 15
2825 8
2826 18
2827 10
2828 84
2829 14
2830 110
2831 4
2832 7
2833 45
2834 36
2835 91
2836 50
2837 44
2838 64
2839 15
2840 39
2841 20
2842 21
2843 12
2844 3
2845 7
2846 12
2847 7
2848 23
2849 17
2850 7
2851 11
2852 9
2853 40
2854 8
2855 13
2856 15
2857 17
2858 10
2859 17
2860 5
2861 12
2862 11
2863 11
2864 5
2865 5
2866 11
2867 3
2868 11
2869 12
2870 8
2871 11
2872 5
2873 7
2874 100
2875 80
2876 9
2877 5
2878 31
2879 5
2880 11
2881 22
2882 14
2883 4
2884 24
2885 27
2886 50
2887 5
2888 13
2889 37
2890 35
2891 50
2892 30
2893 12
2894 10
2895 3
2896 27
2897 16
2898 25
2899 4
2900 9
2901 7
2902 9
2903 36
2904 5
2905 7
2906 27
2907 9
2908 9
2909 5
2910 26
2911 42
2912 11
2913 9
2914 12
2915 15
2916 30
2917 17
2918 8
2919 9
2920 15
2921 5
2922 18
2923 62
2924 7
2925 44
2926 8
2927 85
2928 6
2929 13
2930 86
2931 89
2932 91
2933 55
2934 57
2935 74
2936 91
2937 59
2938 55
2939 66
2940 18
2941 58
2942 60
2943 67
2944 43
2945 122
2946 81
2947 58
2948 45
2949 40
2950 55
2951 24
2952 20
2953 47
2954 50
2955 53
2956 5
2957 58
2958 121
2959 58
2960 7
2961 7
2962 8
2963 34
2964 63
2965 52
2966 47
2967 9
2968 55
2969 5
2970 5
2971 53
2972 28
2973 6
2974 34
2975 16
2976 8
2977 9
2978 6
2979 8
2980 19
2981 60
2982 59
2983 6
2984 20
2985 9
2986 7
2987 5
2988 24
2989 5
2990 22
2991 58
2992 10
2993 7
2994 18
2995 24
2996 8
2997 5
2998 31
2999 10
3000 40
3001 11
3002 52
3003 29
3004 6
3005 8
3006 9
3007 5
3008 5
3009 4
3010 27
3011 8
3012 4
3013 8
3014 12
3015 17
3016 5
3017 5
3018 89
3019 51
3020 25
3021 11
3022 29
3023 7
3024 17
3025 4
3026 6
3027 5
3028 5
3029 4
3030 13
3031 7
3032 43
3033 21
3034 23
3035 8
3036 65
3037 59
3038 18
3039 13
3040 4
3041 22
3042 54
3043 18
3044 9
3045 4
3046 6
3047 34
3048 10
3049 27
3050 6
3051 21
3052 7
3053 18
3054 11
3055 6
3056 6
3057 11
3058 12
3059 13
3060 8
3061 5
3062 17
3063 7
3064 8
3065 6
3066 3
3067 4
3068 13
3069 27
3070 61
3071 50
3072 10
3073 18
3074 6
3075 10
3076 35
3077 15
3078 55
3079 4
3080 9
3081 12
3082 25
3083 25
3084 8
3085 31
3086 15
3087 8
3088 9
3089 37
3090 6
3091 14
3092 44
3093 13
3094 19
3095 5
3096 8
3097 15
3098 12
3099 10
3100 4
3101 9
3102 4
3103 12
3104 6
3105 7
3106 19
3107 16
3108 16
3109 45
3110 8
3111 4
3112 10
3113 24
3114 9
3115 12
3116 55
3117 6
3118 6
3119 13
3120 10
3121 4
3122 4
3123 11
3124 7
3125 19
3126 19
3127 5
3128 6
3129 10
3130 13
3131 26
3132 7
3133 10
3134 25
3135 5
3136 5
3137 5
3138 7
3139 9
3140 13
3141 23
3142 4
3143 9
3144 26
3145 7
3146 8
3147 9
3148 10
3149 8
3150 4
3151 16
3152 53
3153 17
3154 20
3155 8
3156 16
3157 17
3158 13
3159 22
3160 9
3161 8
3162 4
3163 31
3164 7
3165 5
3166 38
3167 44
3168 25
3169 5
3170 7
3171 4
3172 8
3173 4
3174 15
3175 8
3176 13
3177 8
3178 17
3179 8
3180 7
3181 18
3182 23
3183 5
3184 5
3185 8
3186 9
3187 8
3188 8
3189 10
3190 17
3191 12
3192 4
3193 21
3194 8
3195 7
3196 16
3197 18
3198 8
3199 13
3200 8
3201 24
3202 18
3203 6
3204 11
3205 12
3206 13
3207 10
3208 8
3209 34
3210 8
3211 5
3212 5
3213 21
3214 6
3215 5
3216 10
3217 7
3218 6
3219 4
3220 5
3221 7
3222 8
3223 5
3224 3
3225 46
3226 7
3227 14
3228 25
3229 8
3230 13
3231 5
3232 6
3233 16
3234 8
3235 7
3236 9
3237 44
3238 24
3239 4
3240 8
3241 5
3242 5
3243 15
3244 10
3245 14
3246 8
3247 16
3248 9
3249 22
3250 11
3251 11
3252 7
3253 12
3254 5
3255 8
3256 9
3257 7
3258 10
3259 24
3260 9
3261 22
3262 14
3263 15
3264 8
3265 5
3266 6
3267 4
3268 6
3269 5
3270 5
3271 17
3272 24
3273 16
3274 10
3275 7
3276 9
3277 5
3278 4
3279 5
3280 8
3281 5
3282 25
3283 13
3284 4
3285 31
3286 32
3287 17
3288 8
3289 7
3290 4
3291 14
3292 8
3293 3
3294 5
3295 8
3296 6
3297 19
3298 5
3299 25
3300 35
3301 6
3302 34
3303 7
3304 13
3305 6
3306 6
3307 5
3308 7
3309 13
3310 9
3311 20
3312 21
3313 20
3314 5
3315 6
3316 3
3317 33
3318 40
3319 24
3320 19
3321 60
3322 28
3323 5
3324 8
3325 6
3326 5
3327 8
3328 4
3329 4
3330 12
3331 8
3332 31
3333 23
3334 6
3335 5
3336 4
3337 6
3338 8
3339 10
3340 5
3341 23
3342 14
3343 19
3344 11
3345 5
3346 6
3347 7
3348 4
3349 6
3350 5
3351 13
3352 11
3353 10
3354 10
3355 23
3356 8
3357 5
3358 9
3359 5
3360 5
3361 6
3362 95
3363 85
3364 94
3365 65
3366 96
3367 34
3368 37
3369 65
3370 85
3371 54
3372 93
3373 71
3374 82
3375 88
3376 32
3377 30
3378 24
3379 132
3380 67
3381 63
3382 93
3383 6
3384 71
3385 39
3386 31
3387 36
3388 43
3389 38
3390 8
3391 32
3392 36
3393 43
3394 50
3395 15
3396 13
3397 5
3398 84
3399 77
3400 89
3401 52
3402 87
3403 54
3404 10
3405 22
3406 5
3407 99
3408 60
3409 16
3410 47
3411 45
3412 9
3413 6
3414 51
3415 9
3416 56
3417 7
3418 3
3419 18
3420 62
3421 77
3422 87
3423 78
3424 82
3425 10
3426 92
3427 6
3428 15
3429 5
3430 12
3431 8
3432 81
3433 23
3434 94
3435 35
3436 58
3437 4
3438 87
3439 26
3440 10
3441 12
3442 48
3443 80
3444 89
3445 69
3446 73
3447 109
3448 13
3449 3
3450 5
3451 4
3452 42
3453 46
3454 44
3455 12
3456 57
3457 43
3458 96
3459 39
3460 72
3461 9
3462 85
3463 68
3464 45
3465 83
3466 45
3467 47
3468 104
3469 56
3470 34
3471 9
3472 5
3473 32
3474 25
3475 10
3476 8
3477 24
3478 4
3479 28
3480 14
3481 16
3482 12
3483 16
3484 32
3485 8
3486 4
3487 16
3488 59
3489 79
3490 71
3491 26
3492 8
3493 4
3494 14
3495 36
3496 10
3497 9
3498 4
3499 9
3500 9
3501 122
3502 9
3503 5
3504 66
3505 44
3506 66
3507 52
3508 5
3509 12
3510 29
3511 11
3512 46
3513 9
3514 6
3515 6
3516 28
3517 39
3518 14
3519 78
3520 38
3521 23
3522 9
3523 27
3524 4
3525 16
3526 19
3527 43
3528 17
3529 29
3530 28
3531 14
3532 19
3533 8
3534 11
3535 87
3536 11
3537 42
3538 6
3539 10
3540 11
3541 13
3542 4
3543 6
3544 13
3545 6
3546 30
3547 14
3548 31
3549 5
3550 6
3551 36
3552 5
3553 3
3554 66
3555 37
3556 62
3557 10
3558 68
3559 6
3560 3
3561 35
3562 31
3563 22
3564 14
3565 29
3566 19
3567 22
3568 12
3569 7
3570 4
3571 46
3572 69
3573 17
3574 25
3575 5
3576 24
3577 6
3578 12
3579 5
3580 17
3581 9
3582 68
3583 21
3584 36
3585 8
3586 45
3587 10
3588 6
3589 67
3590 62
3591 5
3592 32
3593 32
3594 11
3595 55
3596 61
3597 15
3598 6
3599 24
3600 45
3601 30
3602 13
3603 12
3604 13
3605 6
3606 6
3607 5
3608 5
3609 3
3610 17
3611 32
3612 27
3613 6
3614 5
3615 106
3616 7
3617 32
3618 6
3619 35
3620 6
3621 10
3622 13
3623 34
3624 48
3625 17
3626 19
3627 21
3628 33
3629 28
3630 24
3631 11
3632 10
3633 35
3634 6
3635 18
3636 35
3637 24
3638 8
3639 15
3640 33
3641 44
3642 15
3643 58
3644 36
3645 41
3646 56
3647 22
3648 26
3649 35
3650 67
3651 7
3652 27
3653 6
3654 26
3655 39
3656 49
3657 34
3658 50
3659 86
3660 4
3661 5
3662 48
3663 6
3664 27
3665 28
3666 12
3667 50
3668 8
3669 13
3670 6
3671 8
3672 10
3673 5
3674 5
3675 5
3676 8
3677 11
3678 7
3679 6
3680 13
3681 9
3682 8
3683 12
3684 7
3685 4
3686 5
3687 30
3688 12
3689 5
3690 5
3691 23
3692 3
3693 7
3694 5
3695 5
3696 30
3697 24
3698 24
3699 4
3700 24
3701 23
3702 11
3703 11
3704 7
3705 8
3706 7
3707 16
3708 7
3709 12
3710 8
3711 8
3712 8
3713 10
3714 19
3715 6
3716 8
3717 34
3718 19
3719 8
3720 5
3721 9
3722 10
3723 4
3724 11
3725 9
3726 12
3727 7
3728 12
3729 7
3730 11
3731 14
3732 31
3733 9
3734 27
3735 9
3736 5
3737 9
3738 7
3739 4
3740 18
3741 3
3742 7
3743 13
3744 8
3745 32
3746 7
3747 5
3748 10
3749 4
3750 6
3751 10
3752 12
3753 9
3754 16
3755 7
3756 4
3757 15
3758 4
3759 10
3760 8
3761 14
3762 57
3763 9
3764 15
3765 22
3766 5
3767 11
3768 10
3769 4
3770 7
3771 5
3772 5
3773 17
3774 13
3775 7
3776 8
3777 26
3778 9
3779 3
3780 6
3781 41
3782 5
3783 5
3784 22
3785 5
3786 21
3787 6
3788 13
3789 27
3790 19
3791 9
3792 17
3793 13
3794 11
3795 3
3796 73
3797 6
3798 13
3799 7
3800 18
3801 5
3802 32
3803 28
3804 5
3805 8
3806 17
3807 6
3808 9
3809 7
3810 8
3811 6
3812 10
3813 4
3814 14
3815 8
3816 5
3817 14
3818 16
3819 6
3820 5
3821 7
3822 10
3823 5
3824 4
3825 5
3826 17
3827 14
3828 4
3829 4
3830 8
3831 6
3832 6
3833 12
3834 6
3835 6
3836 3
3837 21
3838 19
3839 6
3840 12
3841 28
3842 12
3843 9
3844 5
3845 7
3846 26
3847 12
3848 17
3849 8
3850 6
3851 7
3852 15
3853 29
3854 4
3855 5
3856 9
3857 9
3858 10
3859 18
3860 17
3861 9
3862 7
3863 6
3864 3
3865 15
3866 5
3867 5
3868 5
3869 22
3870 5
3871 11
3872 10
3873 7
3874 6
3875 10
3876 23
3877 22
3878 9
3879 5
3880 10
3881 20
3882 15
3883 24
3884 7
3885 7
3886 8
3887 20
3888 5
3889 5
3890 8
3891 5
3892 4
3893 7
3894 21
3895 5
3896 5
3897 5
3898 6
3899 7
3900 6
3901 10
3902 24
3903 8
3904 6
3905 8
3906 3
3907 8
3908 6
3909 6
3910 13
3911 8
3912 10
3913 4
3914 7
3915 8
3916 16
3917 7
3918 6
3919 7
3920 6
3921 6
3922 14
3923 5
3924 5
3925 5
3926 18
3927 5
3928 7
3929 9
3930 49
3931 4
3932 6
3933 4
3934 20
3935 48
3936 57
3937 50
3938 29
3939 8
3940 5
3941 6
3942 6
3943 7
3944 7
3945 53
3946 7
3947 10
3948 6
3949 9
3950 7
3951 9
3952 8
3953 4
3954 5
3955 14
3956 5
3957 13
3958 9
3959 24
3960 10
3961 8
3962 6
3963 6
3964 7
3965 17
3966 5
3967 5
3968 8
3969 16
3970 8
3971 10
3972 8
3973 8
3974 19
3975 10
3976 10
3977 9
3978 9
3979 8
3980 20
3981 5
3982 7
3983 5
3984 20
3985 5
3986 7
3987 6
3988 7
3989 6
3990 9
3991 31
3992 5
3993 9
3994 12
3995 5
3996 4
3997 16
3998 5
3999 5
4000 24
4001 6
4002 35
4003 6
4004 7
4005 6
4006 21
4007 4
4008 4
4009 9
4010 16
4011 6
4012 27
4013 4
4014 8
4015 7
4016 4
4017 8
4018 5
4019 5
4020 9
4021 6
4022 7
4023 4
4024 12
4025 10
4026 8
4027 10
4028 5
4029 20
4030 12
4031 15
4032 8
4033 10
4034 6
4035 8
4036 15
4037 6
4038 10
4039 9
4040 6
4041 5
4042 8
4043 9
4044 8
4045 5
4046 6
4047 9
4048 6
4049 9
4050 4
4051 24
4052 6
4053 12
4054 8
4055 4
4056 6
4057 7
4058 6
4059 5
4060 8
4061 5
4062 12
4063 7
4064 6
4065 9
4066 4
4067 21
4068 10
4069 27
4070 5
4071 6
4072 22
4073 11
4074 7
4075 11
4076 4
4077 23
4078 10
4079 6
4080 7
4081 5
4082 8
4083 14
4084 5
4085 5
4086 5
4087 7
4088 5
4089 5
4090 8
4091 7
4092 9
4093 12
4094 5
4095 7
4096 7
4097 20
4098 13
4099 5
4100 6
4101 4
4102 4
4103 6
4104 13
4105 11
4106 8
4107 5
4108 11
4109 6
4110 6
4111 5
4112 15
4113 5
4114 5
4115 10
4116 4
4117 8
4118 4
4119 5
4120 20
4121 4
4122 28
4123 4
4124 4
4125 28
4126 5
4127 11
4128 6
4129 19
4130 6
4131 16
4132 4
4133 8
4134 7
4135 13
4136 9
4137 11
4138 4
4139 12
4140 4
4141 9
4142 9
4143 7
4144 17
4145 5
4146 8
4147 5
4148 11
4149 5
4150 8
4151 4
4152 17
4153 40
4154 7
4155 5
4156 16
4157 17
4158 8
4159 7
4160 9
4161 10
4162 6
4163 5
4164 6
4165 5
4166 4
4167 3
4168 11
4169 10
4170 10
4171 6
4172 16
4173 7
4174 38
4175 20
4176 17
4177 7
4178 5
4179 9
4180 7
4181 14
4182 26
4183 6
4184 6
4185 7
4186 4
4187 6
4188 7
4189 5
4190 8
4191 4
4192 13
4193 8
4194 4
4195 8
4196 8
4197 6
4198 5
4199 8
4200 7
4201 5
4202 5
4203 10
4204 8
4205 12
4206 7
4207 7
4208 6
4209 7
4210 4
4211 11
4212 14
4213 7
4214 9
4215 7
4216 9
4217 11
4218 5
4219 13
4220 18
4221 13
4222 6
4223 4
4224 6
4225 5
4226 10
4227 25
4228 8
4229 5
4230 12
4231 5
4232 6
4233 10
4234 5
4235 4
4236 9
4237 5
4238 7
4239 6
4240 5
4241 9
4242 19
4243 9
4244 5
4245 5
4246 8
4247 6
4248 10
4249 19
4250 8
4251 4
4252 7
4253 6
4254 6
4255 9
4256 31
4257 14
4258 10
4259 11
4260 12
4261 5
4262 14
4263 7
4264 8
4265 5
4266 11
4267 14
4268 7
4269 28
4270 30
4271 16
4272 8
4273 7
4274 12
4275 9
4276 8
4277 8
4278 8
4279 8
4280 26
4281 9
4282 12
4283 7
4284 9
4285 6
4286 7
4287 7
4288 8
4289 9
4290 21
4291 14
4292 4
4293 4
4294 8
4295 7
4296 28
4297 5
4298 10
4299 12
4300 17
4301 7
4302 12
4303 6
4304 21
4305 12
4306 5
4307 36
4308 9
4309 4
4310 7
4311 12
4312 5
4313 4
4314 7
4315 21
4316 8
4317 10
4318 8
4319 12
4320 5
4321 15
4322 9
4323 6
4324 6
4325 10
4326 5
4327 14
4328 8
4329 5
4330 8
4331 6
4332 6
4333 4
4334 7
4335 5
4336 10
4337 5
4338 8
4339 5
4340 4
4341 8
4342 7
4343 8
4344 6
4345 4
4346 8
4347 12
4348 5
4349 7
4350 12
4351 6
4352 5
4353 8
4354 5
4355 5
4356 4
4357 7
4358 4
4359 5
4360 5
4361 13
4362 4
4363 14
4364 5
4365 21
4366 34
4367 17
4368 6
4369 12
4370 20
4371 6
4372 5
4373 6
4374 5
4375 6
4376 5
4377 4
4378 6
4379 18
4380 23
4381 14
4382 4
4383 4
4384 2
4385 13
4386 28
4387 22
4388 7
4389 17
4390 5
4391 8
4392 14
4393 9
4394 11
4395 44
4396 17
4397 15
4398 34
4399 20
4400 26
4401 13
4402 8
4403 7
4404 5
4405 4
4406 5
4407 6
4408 11
4409 11
4410 32
4411 6
4412 5
4413 6
4414 25
4415 10
4416 9
4417 4
4418 12
4419 8
4420 7
4421 4
4422 7
4423 5
4424 3
4425 9
4426 9
4427 7
4428 12
4429 17
4430 11
4431 20
4432 6
4433 17
4434 23
4435 7
4436 6
4437 7
4438 24
4439 5
4440 10
4441 5
4442 4
4443 30
4444 6
4445 7
4446 50
4447 7
4448 5
4449 4
4450 6
4451 8
4452 77
4453 9
4454 13
4455 11
4456 40
4457 6
4458 8
4459 8
4460 4
4461 10
4462 7
4463 10
4464 12
4465 5
4466 4
4467 4
4468 3
4469 16
4470 11
4471 4
4472 7
4473 6
4474 4
4475 7
4476 5
4477 9
4478 9
4479 10
4480 16
4481 14
4482 4
4483 16
4484 6
4485 4
4486 6
4487 5
4488 27
4489 9
4490 6
4491 10
4492 13
4493 8
4494 11
4495 13
4496 4
4497 5
4498 4
4499 14
4500 10
4501 4
4502 24
4503 9
4504 3
4505 77
4506 7
4507 22
4508 20
4509 8
4510 8
4511 13
4512 9
4513 21
4514 9
4515 4
4516 11
4517 10
4518 19
4519 4
4520 19
4521 7
4522 8
4523 5
4524 9
4525 3
4526 30
4527 6
4528 18
4529 35
4530 23
4531 18
4532 11
4533 4
4534 4
4535 5
4536 18
4537 19
4538 6
4539 14
4540 7
4541 6
4542 8
4543 11
4544 8
4545 13
4546 11
4547 6
4548 9
4549 5
4550 15
4551 15
4552 10
4553 7
4554 4
4555 6
4556 14
4557 28
4558 5
4559 5
4560 12
4561 12
4562 12
4563 60
4564 4
4565 8
4566 5
4567 17
4568 17
4569 4
4570 14
4571 5
4572 5
4573 3
4574 8
4575 14
4576 13
4577 35
4578 8
4579 12
4580 7
4581 5
4582 17
4583 20
4584 9
4585 5
4586 13
4587 7
4588 9
4589 8
4590 9
4591 4
4592 10
4593 5
4594 6
4595 5
4596 5
4597 15
4598 15
4599 11
4600 5
4601 26
4602 5
4603 7
4604 11
4605 22
4606 8
4607 3
4608 18
4609 9
4610 5
4611 5
4612 9
4613 4
4614 6
4615 11
4616 12
4617 4
4618 35
4619 28
4620 11
4621 10
4622 10
4623 12
4624 18
4625 9
4626 12
4627 6
4628 8
4629 4
4630 16
4631 6
4632 5
4633 10
4634 8
4635 7
4636 5
4637 5
4638 11
4639 18
4640 18
4641 7
4642 4
4643 11
4644 5
4645 54
4646 16
4647 5
4648 7
4649 6
4650 7
4651 10
4652 22
4653 5
4654 9
4655 7
4656 7
4657 7
4658 6
4659 6
4660 6
4661 19
4662 4
4663 9
4664 5
4665 5
4666 5
4667 6
4668 5
4669 5
4670 7
4671 5
4672 6
4673 7
4674 7
4675 17
4676 5
4677 5
4678 11
4679 7
4680 7
4681 24
4682 5
4683 5
4684 6
4685 19
4686 5
4687 7
4688 4
4689 7
4690 6
4691 6
4692 4
4693 11
4694 4
4695 7
4696 6
4697 5
4698 4
4699 5
4700 16
4701 7
4702 32
4703 5
4704 8
4705 12
4706 5
4707 5
4708 8
4709 8
4710 6
4711 6
4712 5
4713 14
4714 5
4715 9
4716 8
4717 5
4718 8
4719 6
4720 4
4721 7
4722 12
4723 7
4724 5
4725 13
4726 7
4727 7
4728 3
4729 6
4730 4
4731 6
4732 5
4733 6
4734 7
4735 8
4736 10
4737 11
4738 13
4739 16
4740 8
4741 7
4742 32
4743 4
4744 5
4745 6
4746 6
4747 8
4748 4
4749 5
4750 6
4751 13
4752 5
4753 5
4754 9
4755 13
4756 13
4757 3
4758 10
4759 17
4760 9
4761 13
4762 12
4763 14
4764 9
4765 6
4766 13
4767 13
4768 15
4769 9
4770 17
4771 12
4772 9
4773 6
4774 7
4775 10
4776 5
4777 5
4778 8
4779 8
4780 5
4781 14
4782 8
4783 10
4784 7
4785 6
4786 6
4787 5
4788 5
4789 10
4790 8
4791 11
4792 7
4793 5
4794 8
4795 6
4796 6
4797 9
4798 6
4799 10
4800 17
4801 5
4802 4
4803 7
4804 8
4805 8
4806 5
4807 17
4808 8
4809 16
4810 6
4811 6
4812 8
4813 9
4814 5
4815 8
4816 14
4817 7
4818 17
4819 11
4820 5
4821 6
4822 6
4823 10
4824 10
4825 9
4826 8
4827 6
4828 8
4829 21
4830 13
4831 5
4832 5
4833 17
4834 15
4835 6
4836 12
4837 12
4838 20
4839 5
4840 48
4841 6
4842 9
4843 14
4844 6
4845 5
4846 5
4847 9
4848 11
4849 6
4850 5
4851 15
4852 18
4853 5
4854 3
4855 6
4856 15
4857 7
4858 11
4859 16
4860 10
4861 6
4862 12
4863 18
4864 4
4865 9
4866 5
4867 9
4868 10
4869 28
4870 8
4871 4
4872 13
4873 17
4874 5
4875 21
4876 9
4877 9
4878 5
4879 9
4880 6
4881 6
4882 4
4883 5
4884 7
4885 9
4886 5
4887 41
4888 7
4889 11
4890 10
4891 11
4892 5
4893 8
4894 13
4895 9
4896 9
4897 10
4898 5
4899 6
4900 10
4901 5
4902 6
4903 12
4904 11
4905 9
4906 17
4907 6
4908 6
4909 5
4910 5
4911 10
4912 6
4913 6
4914 14
4915 5
4916 5
4917 17
4918 5
4919 5
4920 4
4921 5
4922 25
4923 5
4924 4
4925 12
4926 7
4927 8
4928 4
4929 6
4930 4
4931 8
4932 5
4933 7
4934 5
4935 7
4936 10
4937 6
4938 6
4939 7
4940 29
4941 4
4942 4
4943 6
4944 5
4945 5
4946 11
4947 5
4948 5
4949 9
4950 6
4951 6
4952 4
4953 7
4954 5
4955 7
4956 7
4957 9
4958 7
4959 6
4960 6
4961 4
4962 24
4963 5
4964 6
4965 14
4966 22
4967 13
4968 12
4969 12
4970 8
4971 6
4972 6
4973 20
4974 5
4975 5
4976 7
4977 10
4978 10
4979 50
4980 4
4981 13
4982 6
4983 4
4984 8
4985 8
4986 5
4987 6
4988 6
4989 5
4990 4
4991 10
4992 3
4993 6
4994 18
4995 13
4996 6
4997 4
4998 7
4999 7
5000 8
5001 13
5002 18
5003 31
5004 12
5005 6
5006 10
5007 5
5008 7
5009 8
5010 4
5011 6
5012 9
5013 7
5014 9
5015 4
5016 15
5017 10
5018 4
5019 5
5020 7
5021 35
5022 8
5023 19
5024 4
5025 4
5026 8
5027 5
5028 8
5029 6
5030 14
5031 8
5032 5
5033 18
5034 14
5035 16
5036 6
5037 37
5038 7
5039 5
5040 38
5041 13
5042 13
5043 10
5044 9
5045 3
5046 12
5047 12
5048 12
5049 4
5050 42
5051 24
5052 5
5053 5
5054 16
5055 26
5056 3
5057 7
5058 11
5059 6
5060 5
5061 6
5062 5
5063 6
5064 4
5065 14
5066 4
5067 11
5068 10
5069 6
5070 6
5071 7
5072 25
5073 5
5074 5
5075 11
5076 9
5077 7
5078 14
5079 25
5080 9
5081 4
5082 12
5083 7
5084 8
5085 7
5086 5
5087 7
5088 5
5089 9
5090 13
5091 6
5092 5
5093 8
5094 5
5095 7
5096 12
5097 22
5098 5
5099 12
5100 8
5101 5
5102 4
5103 6
5104 8
5105 7
5106 21
5107 9
5108 15
5109 21
5110 16
5111 5
5112 6
5113 5
5114 9
5115 23
5116 3
5117 7
5118 10
5119 4
5120 4
5121 7
5122 18
5123 8
5124 21
5125 5
5126 11
5127 5
5128 5
5129 6
5130 4
5131 5
5132 6
5133 7
5134 8
5135 6
5136 5
5137 9
5138 6
5139 5
5140 45
5141 10
5142 10
5143 20
5144 6
5145 6
5146 3
5147 6
5148 10
5149 6
5150 5
5151 4
5152 6
5153 16
5154 9
5155 40
5156 6
5157 7
5158 6
5159 21
5160 4
5161 4
5162 7
5163 12
5164 17
5165 8
5166 7
5167 8
5168 9
5169 5
5170 4
5171 9
5172 9
5173 18
5174 6
5175 8
5176 6
5177 5
5178 8
5179 11
5180 5
5181 6
5182 4
5183 5
5184 4
5185 5
5186 8
5187 7
5188 7
5189 8
5190 7
5191 8
5192 25
5193 14
5194 11
5195 9
5196 21
5197 18
5198 9
5199 23
5200 5
5201 4
5202 5
5203 18
5204 18
5205 13
5206 35
5207 7
5208 13
5209 8
5210 27
5211 46
5212 20
5213 16
5214 11
5215 7
5216 6
5217 6
5218 8
5219 8
5220 5
5221 10
5222 4
5223 8
5224 5
5225 12
5226 21
5227 8
5228 7
5229 6
5230 15
5231 13
5232 25
5233 10
5234 18
5235 14
5236 18
5237 20
5238 8
5239 8
5240 25
5241 9
5242 7
5243 6
5244 3
5245 6
5246 46
5247 4
5248 40
5249 17
5250 7
5251 12
5252 6
5253 8
5254 8
5255 3
5256 5
5257 12
5258 11
5259 4
5260 5
5261 5
5262 13
5263 7
5264 9
5265 14
5266 6
5267 5
5268 4
5269 6
5270 10
5271 5
5272 5
5273 5
5274 5
5275 8
5276 11
5277 19
5278 13
5279 6
5280 6
5281 8
5282 8
5283 7
5284 3
5285 7
5286 6
5287 16
5288 5
5289 9
5290 5
5291 8
5292 4
5293 7
5294 3
5295 5
5296 6
5297 6
5298 4
5299 4
5300 5
5301 7
5302 10
5303 4
5304 8
5305 13
5306 5
5307 14
5308 7
5309 14
5310 7
5311 5
5312 5
5313 33
5314 18
5315 9
5316 6
5317 19
5318 5
5319 10
5320 4
5321 7
5322 5
5323 6
5324 9
5325 5
5326 5
5327 5
5328 5
5329 7
5330 5
5331 6
5332 7
5333 9
5334 19
5335 12
5336 11
5337 11
5338 7
5339 11
5340 4
5341 6
5342 5
5343 4
5344 7
5345 10
5346 8
5347 5
5348 4
5349 23
5350 5
5351 3
5352 13
5353 7
5354 12
5355 4
5356 5
5357 3
5358 4
5359 11
5360 12
5361 6
5362 6
5363 18
5364 7
5365 6
5366 17
5367 7
5368 12
5369 5
5370 8
5371 6
5372 6
5373 5
5374 7
5375 5
5376 6
5377 8
5378 5
5379 8
5380 15
5381 6
5382 4
5383 7
5384 7
5385 15
5386 5
5387 8
5388 5
5389 19
5390 6
5391 6
5392 4
5393 13
5394 10
5395 4
5396 7
5397 16
5398 6
5399 5
5400 5
5401 13
5402 9
5403 15
5404 5
5405 7
5406 3
5407 7
5408 9
5409 3
5410 4
5411 10
5412 7
5413 40
5414 26
5415 5
5416 9
5417 11
5418 12
5419 6
5420 8
5421 7
5422 8
5423 6
5424 9
5425 5
5426 6
5427 8
5428 10
5429 5
5430 5
5431 5
5432 8
5433 4
5434 8
5435 6
5436 5
5437 22
5438 23
5439 7
5440 13
5441 4
5442 4
5443 8
5444 8
5445 3
5446 6
5447 5
5448 10
5449 11
5450 5
5451 11
5452 7
5453 10
5454 6
5455 11
5456 5
5457 14
5458 6
5459 8
5460 5
5461 5
5462 5
5463 8
5464 5
5465 5
5466 13
5467 24
5468 5
5469 5
5470 13
5471 5
5472 8
5473 14
5474 5
5475 6
5476 17
5477 9
5478 5
5479 7
5480 10
5481 4
5482 4
5483 8
5484 11
5485 7
5486 26
5487 28
5488 5
5489 5
5490 6
5491 14
5492 5
5493 9
5494 7
5495 5
5496 58
5497 15
5498 4
5499 10
5500 7
5501 6
5502 6
5503 11
5504 4
5505 5
5506 11
5507 5
5508 7
5509 4
5510 3
5511 5
5512 20
5513 8
5514 6
5515 8
5516 14
5517 8
5518 10
5519 5
5520 9
5521 8
5522 9
5523 14
5524 11
5525 5
5526 5
5527 4
5528 13
5529 11
5530 4
5531 18
5532 7
5533 5
5534 4
5535 5
5536 3
5537 13
5538 9
5539 14
5540 9
5541 6
5542 4
5543 4
5544 5
5545 6
5546 10
5547 5
5548 9
5549 8
5550 8
5551 8
5552 18
5553 5
5554 8
5555 8
5556 16
5557 10
5558 6
5559 5
5560 5
5561 6
5562 5
5563 16
5564 3
5565 5
5566 6
5567 12
5568 7
5569 11
5570 7
5571 16
5572 5
5573 6
5574 11
5575 4
5576 10
5577 6
5578 7
5579 3
5580 10
5581 14
5582 6
5583 4
5584 3
5585 6
5586 5
5587 9
5588 10
5589 8
5590 6
5591 5
5592 8
5593 9
5594 9
5595 4
5596 4
5597 17
5598 9
5599 13
5600 4
5601 5
5602 5
5603 10
5604 6
5605 16
5606 9
5607 14
5608 8
5609 7
5610 4
5611 10
5612 7
5613 6
5614 6
5615 18
5616 4
5617 4
5618 7
5619 3
5620 6
5621 5
5622 65
5623 4
5624 7
5625 4
5626 12
5627 12
5628 10
5629 4
5630 6
5631 4
5632 15
5633 11
5634 13
5635 6
5636 4
5637 4
5638 10
5639 5
5640 5
5641 5
5642 7
5643 4
5644 4
5645 6
5646 8
5647 5
5648 7
5649 7
5650 8
5651 13
5652 5
5653 15
5654 5
5655 8
5656 11
5657 5
5658 8
5659 10
5660 5
5661 5
5662 4
5663 5
5664 5
5665 6
5666 6
5667 11
5668 25
5669 3
5670 16
5671 7
5672 5
5673 3
5674 9
5675 18
5676 8
5677 5
5678 5
5679 5
5680 4
5681 8
5682 6
5683 10
5684 5
5685 8
5686 5
5687 6
5688 9
5689 10
5690 6
5691 5
5692 5
5693 8
5694 11
5695 11
5696 5
5697 3
5698 5
5699 5
5700 10
5701 7
5702 7
5703 4
5704 11
5705 5
5706 12
5707 5
5708 8
5709 6
5710 16
5711 5
5712 7
5713 4
5714 12
5715 7
5716 15
5717 5
5718 7
5719 5
5720 12
5721 6
5722 5
5723 3
5724 12
5725 7
5726 5
5727 5
5728 5
5729 33
5730 14
5731 5
5732 6
5733 12
5734 27
5735 9
5736 7
5737 6
5738 4
5739 9
5740 9
5741 6
5742 5
5743 7
5744 6
5745 5
5746 12
5747 7
5748 12
5749 23
5750 6
5751 11
5752 9
5753 6
5754 8
5755 10
5756 5
5757 5
5758 7
5759 8
5760 22
5761 19
5762 16
5763 6
5764 26
5765 12
5766 6
5767 8
5768 5
5769 4
5770 12
5771 15
5772 4
5773 12
5774 9
5775 9
5776 5
5777 5
5778 4
5779 7
5780 8
5781 21
5782 7
5783 6
5784 3
5785 17
5786 11
5787 5
5788 9
5789 16
5790 9
5791 11
5792 7
5793 4
5794 5
5795 15
5796 5
5797 5
5798 9
5799 6
5800 16
5801 7
5802 5
5803 8
5804 6
5805 5
5806 5
5807 5
5808 6
5809 5
5810 4
5811 11
5812 4
5813 6
5814 3
5815 5
5816 5
5817 6
5818 8
5819 6
5820 6
5821 10
5822 7
5823 5
5824 3
5825 6
5826 13
5827 4
5828 5
5829 4
5830 19
5831 5
5832 10
5833 8
5834 5
5835 5
5836 12
5837 10
5838 22
5839 5
5840 5
5841 6
5842 8
5843 7
5844 8
5845 5
5846 5
5847 31
5848 4
5849 12
5850 26
5851 12
5852 8
5853 7
5854 5
5855 6
5856 3
5857 4
5858 16
5859 5
5860 7
5861 13
5862 6
5863 4
5864 10
5865 5
5866 15
5867 9
5868 6
5869 8
5870 14
5871 4
5872 12
5873 22
5874 6
5875 7
5876 5
5877 5
5878 18
5879 7
5880 6
5881 9
5882 4
5883 10
5884 8
5885 14
5886 14
5887 5
5888 5
5889 10
5890 5
5891 11
5892 4
5893 8
5894 6
5895 5
5896 4
5897 3
5898 17
5899 14
5900 10
5901 6
5902 5
5903 9
5904 7
5905 9
5906 11
5907 4
5908 5
5909 6
5910 5
5911 4
5912 5
5913 4
5914 5
5915 5
5916 6
5917 10
5918 9
5919 4
5920 8
5921 5
5922 5
5923 9
5924 5
5925 14
5926 8
5927 4
5928 4
5929 10
5930 12
5931 17
5932 6
5933 8
5934 3
5935 7
5936 35
5937 9
5938 6
5939 4
5940 6
5941 5
5942 22
5943 19
5944 13
5945 7
5946 4
5947 5
5948 9
5949 5
5950 3
5951 5
5952 5
5953 6
5954 14
5955 7
5956 6
5957 12
5958 4
5959 8
5960 5
5961 9
5962 6
5963 49
5964 7
5965 5
5966 9
5967 11
5968 27
5969 6
5970 5
5971 12
5972 23
5973 7
5974 49
5975 9
5976 7
5977 6
5978 10
5979 23
5980 8
5981 7
5982 6
5983 8
5984 5
5985 5
5986 16
5987 3
5988 4
5989 5
5990 23
5991 3
5992 11
5993 5
5994 22
5995 11
5996 6
5997 10
5998 16
5999 7
6000 9
6001 10
6002 4
6003 3
6004 4
6005 3
6006 4
6007 15
6008 3
6009 23
6010 18
6011 11
6012 10
6013 6
6014 5
6015 5
6016 4
6017 6
6018 6
6019 6
6020 6
6021 23
6022 10
6023 9
6024 14
6025 7
6026 4
6027 6
6028 5
6029 8
6030 6
6031 4
6032 9
6033 6
6034 34
6035 5
6036 7
6037 10
6038 6
6039 4
6040 6
6041 5
6042 5
6043 9
6044 5
6045 16
6046 4
6047 6
6048 8
6049 14
6050 9
6051 10
6052 6
6053 4
6054 9
6055 6
6056 11
6057 6
6058 5
6059 22
6060 7
6061 5
6062 18
6063 6
6064 21
6065 17
6066 5
6067 19
6068 5
6069 7
6070 5
6071 5
6072 7
6073 4
6074 5
6075 7
6076 14
6077 12
6078 14
6079 14
6080 7
6081 9
6082 5
6083 8
6084 4
6085 6
6086 6
6087 7
6088 5
6089 5
6090 8
6091 8
6092 14
6093 13
6094 9
6095 6
6096 6
6097 5
6098 6
6099 5
6100 22
6101 28
6102 4
6103 11
6104 4
6105 8
6106 10
6107 6
6108 9
6109 6
6110 6
6111 4
6112 11
6113 2
6114 4
6115 14
6116 4
6117 11
6118 30
6119 6
6120 5
6121 8
6122 7
6123 5
6124 5
6125 10
6126 6
6127 6
6128 5
6129 3
6130 7
6131 4
6132 7
6133 11
6134 10
6135 5
6136 6
6137 6
6138 7
6139 6
6140 5
6141 10
6142 7
6143 4
6144 12
6145 10
6146 3
6147 6
6148 4
6149 7
6150 7
6151 8
6152 5
6153 4
6154 7
6155 7
6156 5
6157 15
6158 9
6159 8
6160 6
6161 10
6162 9
6163 6
6164 5
6165 3
6166 4
6167 4
6168 5
6169 20
6170 5
6171 7
6172 8
6173 7
6174 6
6175 6
6176 13
6177 5
6178 5
6179 9
6180 7
6181 5
6182 5
6183 8
6184 4
6185 10
6186 5
6187 4
6188 5
6189 5
6190 13
6191 7
6192 6
6193 8
6194 8
6195 4
6196 5
6197 6
6198 4
6199 15
6200 7
6201 6
6202 8
6203 7
6204 4
6205 7
6206 5
6207 7
6208 7
6209 4
6210 4
6211 4
6212 4
6213 13
6214 6
6215 6
6216 6
6217 15
6218 4
6219 10
6220 4
6221 13
6222 5
6223 7
6224 5
6225 4
6226 8
6227 7
6228 10
6229 5
6230 12
6231 10
6232 18
6233 11
6234 5
6235 5
6236 9
6237 5
6238 6
6239 7
6240 7
6241 12
6242 9
6243 4
6244 11
6245 11
6246 11
6247 5
6248 5
6249 9
6250 7
6251 5
6252 10
6253 9
6254 5
6255 8
6256 6
6257 3
6258 13
6259 8
6260 15
6261 4
6262 11
6263 20
6264 10
6265 6
6266 6
6267 4
6268 6
6269 4
6270 5
6271 4
6272 12
6273 6
6274 5
6275 28
6276 11
6277 10
6278 6
6279 4
6280 6
6281 11
6282 10
6283 5
6284 4
6285 5
6286 6
6287 18
6288 7
6289 4
6290 5
6291 7
6292 6
6293 4
6294 6
6295 11
6296 8
6297 17
6298 9
6299 5
6300 5
6301 6
6302 9
6303 4
6304 5
6305 13
6306 10
6307 5
6308 6
6309 7
6310 9
6311 4
6312 7
6313 6
6314 6
6315 5
6316 3
6317 3
6318 7
6319 7
6320 5
6321 6
6322 6
6323 10
6324 6
6325 7
6326 7
6327 10
6328 16
6329 5
6330 5
6331 6
6332 6
6333 7
6334 4
6335 5
6336 5
6337 8
6338 5
6339 8
6340 11
6341 5
6342 6
6343 7
6344 9
6345 4
6346 8
6347 5
6348 9
6349 8
6350 18
6351 8
6352 34
6353 6
6354 5
6355 4
6356 4
6357 13
6358 6
6359 4
6360 9
6361 6
6362 5
6363 8
6364 5
6365 3
6366 8
6367 5
6368 5
6369 5
6370 13
6371 4
6372 4
6373 5
6374 3
6375 5
6376 9
6377 6
6378 6
6379 5
6380 15
6381 8
6382 8
6383 5
6384 5
6385 4
6386 4
6387 5
6388 5
6389 5
6390 6
6391 7
6392 9
6393 10
6394 8
6395 7
6396 8
6397 6
6398 10
6399 4
6400 4
6401 9
6402 6
6403 4
6404 16
6405 8
6406 4
6407 7
6408 5
6409 5
6410 5
6411 5
6412 6
6413 5
6414 18
6415 6
6416 6
6417 16
6418 7
6419 15
6420 18
6421 18
6422 13
6423 14
6424 6
6425 6
6426 6
6427 8
6428 7
6429 6
6430 5
6431 9
6432 5
6433 12
6434 7
6435 6
6436 5
6437 4
6438 8
6439 5
6440 13
6441 4
6442 6
6443 66
6444 16
6445 5
6446 9
6447 6
6448 11
6449 8
6450 5
6451 7
6452 4
6453 7
6454 8
6455 4
6456 4
6457 7
6458 5
6459 5
6460 4
6461 5
6462 5
6463 4
6464 7
6465 4
6466 7
6467 7
6468 5
6469 13
6470 5
6471 5
6472 3
6473 9
6474 7
6475 4
6476 4
6477 9
6478 57
6479 9
6480 8
6481 5
6482 5
6483 8
6484 5
6485 9
6486 5
6487 8
6488 5
6489 6
6490 19
6491 5
6492 6
6493 8
6494 6
6495 5
6496 6
6497 6
6498 6
6499 7
6500 4
6501 9
6502 12
6503 5
6504 16
6505 5
6506 8
6507 4
6508 4
6509 4
6510 5
6511 4
6512 5
6513 7
6514 5
6515 5
6516 6
6517 20
6518 5
6519 5
6520 6
6521 5
6522 6
6523 3
6524 6
6525 7
6526 11
6527 5
6528 7
6529 5
6530 12
6531 7
6532 15
6533 4
6534 4
6535 4
6536 8
6537 4
6538 12
6539 8
6540 37
6541 9
6542 6
6543 9
6544 5
6545 5
6546 4
6547 9
6548 7
6549 6
6550 22
6551 4
6552 4
6553 6
6554 8
6555 8
6556 5
6557 5
6558 21
6559 11
6560 4
6561 7
6562 6
6563 11
6564 5
6565 8
6566 6
6567 45
6568 5
6569 5
6570 3
6571 5
6572 5
6573 17
6574 13
6575 7
6576 14
6577 8
6578 5
6579 4
6580 5
6581 2
6582 8
6583 4
6584 8
6585 10
6586 5
6587 11
6588 16
6589 13
6590 5
6591 5
6592 5
6593 4
6594 4
6595 4
6596 5
6597 5
6598 5
6599 5
6600 5
6601 6
6602 5
6603 5
6604 6
6605 7
6606 9
6607 6
6608 4
6609 35
6610 12
6611 19
6612 5
6613 10
6614 5
6615 4
6616 13
6617 5
6618 5
6619 3
6620 8
6621 3
6622 4
6623 6
6624 4
6625 5
6626 5
6627 5
6628 12
6629 6
6630 8
6631 8
6632 4
6633 5
6634 8
6635 16
6636 5
6637 9
6638 4
6639 5
6640 6
6641 9
6642 5
6643 7
6644 5
6645 8
6646 6
6647 4
6648 4
6649 9
6650 9
6651 6
6652 4
6653 6
6654 6
6655 8
6656 7
6657 5
6658 5
6659 5
6660 5
6661 4
6662 7
6663 10
6664 6
6665 7
6666 5
6667 7
6668 7
6669 6
6670 12
6671 6
6672 8
6673 5
6674 7
6675 5
6676 5
6677 11
6678 5
6679 6
6680 5
6681 6
6682 8
6683 9
6684 5
6685 4
6686 7
6687 6
6688 21
6689 7
6690 5
6691 9
6692 18
6693 4
6694 10
6695 6
6696 7
6697 5
6698 4
6699 5
6700 6
6701 4
6702 6
6703 8
6704 7
6705 6
6706 3
6707 5
6708 9
6709 5
6710 13
6711 6
6712 6
6713 8
6714 11
6715 5
6716 5
6717 6
6718 5
6719 7
6720 5
6721 11
6722 9
6723 4
6724 5
6725 6
6726 8
6727 5
6728 7
6729 4
6730 11
6731 4
6732 13
6733 12
6734 7
6735 4
6736 7
6737 7
6738 5
6739 9
6740 54
6741 5
6742 27
6743 4
6744 5
6745 3
6746 5
6747 23
6748 8
6749 11
6750 5
6751 8
6752 5
6753 16
6754 9
6755 16
6756 11
6757 4
6758 8
6759 8
6760 9
6761 7
6762 4
6763 5
6764 5
6765 4
6766 9
6767 11
6768 9
6769 7
6770 5
6771 15
6772 6
6773 7
6774 5
6775 13
6776 5
6777 8
6778 5
6779 6
6780 7
6781 6
6782 6
6783 5
6784 7
6785 5
6786 5
6787 3
6788 14
6789 6
6790 12
6791 4
6792 5
6793 15
6794 8
6795 8
6796 6
6797 10
6798 5
6799 5
6800 6
6801 4
6802 7
6803 5
6804 10
6805 14
6806 5
6807 5
6808 5
6809 10
6810 15
6811 10
6812 5
6813 8
6814 8
6815 5
6816 18
6817 4
6818 5
6819 6
6820 4
6821 8
6822 4
6823 5
6824 8
6825 14
6826 5
6827 5
6828 4
6829 5
6830 8
6831 5
6832 7
6833 6
6834 5
6835 8
6836 9
6837 5
6838 8
6839 7
6840 5
6841 9
6842 9
6843 8
6844 19
6845 3
6846 5
6847 16
6848 8
6849 6
6850 6
6851 7
6852 14
6853 13
6854 8
6855 19
6856 9
6857 9
6858 7
6859 6
6860 6
6861 6
6862 6
6863 5
6864 4
6865 7
6866 6
6867 5
6868 8
6869 8
6870 8
6871 17
6872 3
6873 5
6874 5
6875 6
6876 3
6877 22
6878 5
6879 7
6880 5
6881 8
6882 5
6883 11
6884 4
6885 8
6886 6
6887 5
6888 5
6889 23
6890 6
6891 9
6892 5
6893 8
6894 5
6895 5
6896 4
6897 10
6898 5
6899 7
6900 6
6901 3
6902 5
6903 7
6904 6
6905 12
6906 8
6907 9
6908 6
6909 4
6910 5
6911 4
6912 8
6913 3
6914 7
6915 5
6916 5
6917 8
6918 25
6919 7
6920 6
6921 12
6922 9
6923 13
6924 10
6925 7
6926 11
6927 9
6928 6
6929 6
6930 5
6931 5
6932 6
6933 7
6934 3
6935 4
6936 5
6937 5
6938 9
6939 10
6940 6
6941 6
6942 8
6943 4
6944 6
6945 6
6946 113
6947 107
6948 21
6949 7
6950 5
6951 6
6952 15
6953 6
6954 8
6955 7
6956 10
6957 5
6958 6
6959 3
6960 10
6961 8
6962 11
6963 7
6964 5
6965 4
6966 6
6967 5
6968 8
6969 5
6970 7
6971 6
6972 5
6973 8
6974 5
6975 7
6976 9
6977 7
6978 5
6979 8
6980 5
6981 8
6982 5
6983 4
6984 10
6985 4
6986 7
6987 6
6988 12
6989 5
6990 7
6991 5
6992 5
6993 11
6994 6
6995 4
6996 6
6997 5
6998 5
6999 5
7000 4
7001 5
7002 8
7003 5
7004 11
7005 9
7006 28
7007 8
7008 8
7009 5
7010 8
7011 16
7012 5
7013 6
7014 12
7015 6
7016 10
7017 5
7018 10
7019 4
7020 9
7021 6
7022 9
7023 6
7024 8
7025 3
7026 14
7027 5
7028 7
7029 5
7030 8
7031 9
7032 4
7033 7
7034 5
7035 6
7036 11
7037 5
7038 8
7039 7
7040 4
7041 5
7042 11
7043 3
7044 8
7045 5
7046 3
7047 5
7048 6
7049 5
7050 6
7051 13
7052 11
7053 7
7054 8
7055 9
7056 8
7057 5
7058 5
7059 6
7060 6
7061 10
7062 5
7063 6
7064 18
7065 5
7066 6
7067 4
7068 5
7069 5
7070 4
7071 4
7072 4
7073 10
7074 12
7075 5
7076 3
7077 8
7078 5
7079 5
7080 5
7081 6
7082 10
7083 6
7084 4
7085 6
7086 5
7087 4
7088 8
7089 4
7090 8
7091 4
7092 4
7093 5
7094 17
7095 6
7096 6
7097 4
7098 3
7099 8
7100 4
7101 4
7102 7
7103 6
7104 14
7105 4
7106 8
7107 5
7108 4
7109 5
7110 11
7111 5
7112 4
7113 137
7114 122
7115 68
7116 131
7117 17
7118 95
7119 4
7120 4
7121 7
7122 6
7123 8
7124 5
7125 6
7126 4
7127 7
7128 8
7129 5
7130 5
7131 5
7132 12
7133 4
7134 5
7135 6
7136 11
7137 5
7138 4
7139 6
7140 4
7141 5
7142 5
7143 8
7144 12
7145 9
7146 21
7147 14
7148 10
7149 2
7150 5
7151 5
7152 6
7153 4
7154 5
7155 12
7156 5
7157 6
7158 11
7159 6
7160 10
7161 7
7162 5
7163 5
7164 8
7165 7
7166 4
7167 5
7168 10
7169 6
7170 4
7171 6
7172 20
7173 6
7174 7
7175 13
7176 7
7177 4
7178 4
7179 4
7180 6
7181 7
7182 9
7183 7
7184 5
7185 5
7186 5
7187 15
7188 4
7189 3
7190 9
7191 17
7192 5
7193 3
7194 8
7195 7
7196 8
7197 11
7198 4
7199 6
7200 4
7201 6
7202 5
7203 6
7204 6
7205 8
7206 3
7207 3
7208 6
7209 5
7210 5
7211 5
7212 5
7213 4
7214 7
7215 9
7216 7
7217 4
7218 4
7219 59
7220 4
7221 5
7222 5
7223 7
7224 5
7225 6
7226 10
7227 6
7228 4
7229 7
7230 14
7231 5
7232 7
7233 4
7234 4
7235 6
7236 5
7237 5
7238 4
7239 6
7240 6
7241 5
7242 8
7243 8
7244 6
7245 9
7246 8
7247 5
7248 11
7249 7
7250 8
7251 5
7252 4
7253 9
7254 5
7255 6
7256 6
7257 6
7258 6
7259 6
7260 4
7261 5
7262 7
7263 7
7264 5
7265 5
7266 7
7267 8
7268 5
7269 3
7270 5
7271 8
7272 4
7273 4
7274 5
7275 8
7276 5
7277 8
7278 10
7279 5
7280 5
7281 6
7282 7
7283 6
7284 7
7285 5
7286 7
7287 6
7288 5
7289 5
7290 7
7291 12
7292 4
7293 11
7294 6
7295 6
7296 5
7297 8
7298 5
7299 5
7300 4
7301 4
7302 8
7303 5
7304 4
7305 6
7306 4
7307 6
7308 6
7309 8
7310 10
7311 8
7312 8
7313 6
7314 8
7315 8
7316 5
7317 5
7318 8
7319 16
7320 5
7321 5
7322 7
7323 9
7324 5
7325 7
7326 7
7327 7
7328 4
7329 4
7330 7
7331 6
7332 7
7333 8
7334 7
7335 13
7336 8
7337 4
7338 9
7339 3
7340 4
7341 8
7342 4
7343 3
7344 7
7345 6
7346 7
7347 6
7348 4
7349 4
7350 8
7351 14
7352 12
7353 5
7354 6
7355 5
7356 6
7357 4
7358 8
7359 5
7360 6
7361 10
7362 16
7363 7
7364 5
7365 4
7366 6
7367 19
7368 5
7369 5
7370 6
7371 5
7372 3
7373 11
7374 5
7375 5
7376 5
7377 4
7378 6
7379 13
7380 8
7381 4
7382 3
7383 5
7384 6
7385 7
7386 6
7387 6
7388 5
7389 9
7390 3
7391 3
7392 8
7393 5
7394 5
7395 6
7396 4
7397 6
7398 4
7399 5
7400 12
7401 5
7402 5
7403 4
7404 4
7405 5
7406 12
7407 7
7408 44
7409 6
7410 21
7411 5
7412 4
7413 13
7414 5
7415 6
7416 6
7417 14
7418 8
7419 17
7420 8
7421 5
7422 8
7423 18
7424 11
7425 16
7426 7
7427 8
7428 6
7429 17
7430 14
7431 5
7432 5
7433 6
7434 4
7435 7
7436 55
7437 5
7438 6
7439 10
7440 10
7441 27
7442 50
7443 117
7444 101
7445 35
7446 38
7447 19
7448 36
7449 15
7450 6
7451 10
7452 4
7453 6
7454 21
7455 28
7456 70
7457 6
7458 5
7459 5
7460 10
7461 20
7462 4
7463 4
7464 3
7465 4
7466 5
7467 4
7468 34
7469 47
7470 17
7471 18
7472 5
7473 18
7474 13
7475 10
7476 14
7477 24
7478 10
7479 44
7480 17
7481 23
7482 23
7483 8
7484 8
7485 16
7486 13
7487 15
7488 11
7489 4
7490 5
7491 4
7492 7
7493 4
7494 5
7495 6
7496 11
7497 11
7498 5
7499 9
7500 4
7501 9
7502 6
7503 4
7504 5
7505 13
7506 6
7507 5
7508 7
7509 4
7510 8
7511 9
7512 3
7513 18
7514 6
7515 8
7516 5
7517 16
7518 5
7519 6
7520 6
7521 7
7522 5
7523 10
7524 5
7525 8
7526 12
7527 4
7528 7
7529 11
7530 5
7531 9
7532 5
7533 7
7534 5
7535 5
7536 5
7537 7
7538 3
7539 5
7540 5
7541 5
7542 3
7543 7
7544 3
7545 7
7546 7
7547 4
7548 5
7549 4
7550 13
7551 5
7552 6
7553 6
7554 4
7555 5
7556 9
7557 6
7558 8
7559 5
7560 5
7561 7
7562 6
7563 6
7564 6
7565 4
7566 3
7567 7
7568 5
7569 7
7570 13
7571 5
7572 7
7573 9
7574 5
7575 5
7576 6
7577 4
7578 6
7579 9
7580 5
7581 5
7582 5
7583 7
7584 5
7585 13
7586 4
7587 5
7588 17
7589 5
7590 5
7591 5
7592 3
7593 10
7594 10
7595 9
7596 9
7597 7
7598 7
7599 6
7600 5
7601 3
7602 6
7603 11
7604 4
7605 7
7606 5
7607 7
7608 8
7609 5
7610 6
7611 8
7612 4
7613 16
7614 8
7615 15
7616 13
7617 5
7618 8
7619 7
7620 3
7621 10
7622 6
7623 6
7624 5
7625 3
7626 5
7627 8
7628 7
7629 5
7630 3
7631 3
7632 7
7633 13
7634 6
7635 7
7636 6
7637 6
7638 6
7639 7
7640 4
7641 3
7642 5
7643 5
7644 8
7645 6
7646 5
7647 5
7648 6
7649 5
7650 5
7651 6
7652 10
7653 10
7654 10
7655 4
7656 4
7657 5
7658 5
7659 8
7660 7
7661 5
7662 4
7663 5
7664 17
7665 7
7666 6
7667 6
7668 5
7669 7
7670 5
7671 8
7672 4
7673 4
7674 5
7675 7
7676 5
7677 6
7678 6
7679 5
7680 6
7681 5
7682 4
7683 4
7684 4
7685 5
7686 5
7687 5
7688 8
7689 4
7690 8
7691 4
7692 4
7693 4
7694 5
7695 5
7696 5
7697 6
7698 12
7699 6
7700 7
7701 12
7702 4
7703 9
7704 4
7705 6
7706 12
7707 5
7708 8
7709 15
7710 5
7711 5
7712 5
7713 7
7714 8
7715 8
7716 5
7717 5
7718 5
7719 4
7720 4
7721 7
7722 6
7723 6
7724 5
7725 7
7726 5
7727 5
7728 4
7729 6
7730 6
7731 9
7732 5
7733 5
7734 4
7735 5
7736 7
7737 6
7738 4
7739 5
7740 5
7741 6
7742 8
7743 7
7744 7
7745 29
7746 18
7747 15
7748 11
7749 6
7750 40
7751 10
7752 7
7753 16
7754 11
7755 8
7756 12
7757 24
7758 10
7759 13
7760 24
7761 17
7762 26
7763 9
7764 27
7765 14
7766 25
7767 8
7768 9
7769 5
7770 5
7771 21
7772 19
7773 13
7774 13
7775 11
7776 16
7777 23
7778 13
7779 11
7780 25
7781 11
7782 14
7783 9
7784 18
7785 13
7786 13
7787 8
7788 15
7789 14
7790 20
7791 12
7792 8
7793 6
7794 6
7795 9
7796 7
7797 5
7798 8
7799 4
7800 8
7801 4
7802 5
7803 4
7804 5
7805 8
7806 5
7807 2
7808 5
7809 5
7810 4
7811 3
7812 5
7813 6
7814 6
7815 5
7816 10
7817 10
7818 4
7819 5
7820 8
7821 6
7822 4
7823 6
7824 4
7825 11
7826 5
7827 7
7828 4
7829 6
7830 6
7831 11
7832 5
7833 11
7834 5
7835 5
7836 4
7837 4
7838 4
7839 5
7840 5
7841 9
7842 6
7843 6
7844 5
7845 3
7846 7
7847 4
7848 6
7849 9
7850 5
7851 4
7852 5
7853 6
7854 5
7855 7
7856 9
7857 9
7858 8
7859 7
7860 9
7861 5
7862 5
7863 4
7864 5
7865 6
7866 4
7867 14
7868 27
7869 6
7870 5
7871 4
7872 4
7873 3
7874 5
7875 4
7876 4
7877 7
7878 4
7879 5
7880 8
7881 7
7882 6
7883 5
7884 5
7885 8
7886 5
7887 4
7888 5
7889 5
7890 6
7891 7
7892 4
7893 4
7894 5
7895 4
7896 6
7897 5
7898 4
7899 7
7900 10
7901 6
7902 5
7903 4
7904 9
7905 6
7906 4
7907 6
7908 5
7909 3
7910 9
7911 4
7912 5
7913 4
7914 5
7915 5
7916 6
7917 6
7918 5
7919 36
7920 5
7921 4
7922 5
7923 6
7924 4
7925 7
7926 8
7927 6
7928 5
7929 7
7930 7
7931 11
7932 6
7933 4
7934 3
7935 11
7936 5
7937 9
7938 5
7939 6
7940 5
7941 5
7942 4
7943 10
7944 4
7945 5
7946 6
7947 5
7948 5
7949 4
7950 5
7951 4
7952 6
7953 7
7954 5
7955 4
7956 5
7957 6
7958 5
7959 8
7960 5
7961 6
7962 5
7963 4
7964 4
7965 4
7966 4
7967 6
7968 6
7969 12
7970 9
7971 5
7972 10
7973 4
7974 5
7975 4
7976 6
7977 6
7978 5
7979 6
7980 7
7981 9
7982 7
7983 4
7984 5
7985 11
7986 10
7987 8
7988 7
7989 5
7990 6
7991 4
7992 4
7993 9
7994 5
7995 5
7996 4
7997 5
7998 5
7999 4
8000 5
8001 5
8002 9
8003 6
8004 22
8005 8
8006 4
8007 8
8008 10
8009 6
8010 6
8011 6
8012 6
8013 5
8014 6
8015 8
8016 6
8017 6
8018 5
8019 4
8020 6
8021 9
8022 10
8023 6
8024 9
8025 5
8026 7
8027 5
8028 5
8029 4
8030 5
8031 3
8032 4
8033 5
8034 5
8035 6
8036 5
8037 12
8038 7
8039 4
8040 5
8041 4
8042 6
8043 4
8044 14
8045 7
8046 5
8047 7
8048 6
8049 6
8050 5
8051 4
8052 5
8053 5
8054 13
8055 4
8056 10
8057 4
8058 12
8059 5
8060 5
8061 4
8062 4
8063 4
8064 4
8065 7
8066 8
8067 5
8068 4
8069 5
8070 5
8071 6
8072 6
8073 4
8074 4
8075 6
8076 3
8077 4
8078 12
8079 5
8080 5
8081 7
8082 3
8083 5
8084 4
8085 5
8086 4
8087 5
8088 8
8089 8
8090 4
8091 5
8092 6
8093 4
8094 8
8095 8
8096 5
8097 5
8098 5
8099 4
8100 6
8101 5
8102 10
8103 5
8104 5
8105 7
8106 4
8107 6
8108 7
8109 9
8110 5
8111 5
8112 3
8113 5
8114 5
8115 5
8116 5
8117 5
8118 5
8119 17
8120 5
8121 4
8122 19
8123 9
8124 7
8125 6
8126 5
8127 5
8128 6
8129 6
8130 10
8131 8
8132 4
8133 4
8134 11
8135 8
8136 6
8137 5
8138 5
8139 7
8140 9
8141 5
8142 5
8143 7
8144 6
8145 4
8146 9
8147 6
8148 5
8149 5
8150 12
8151 7
8152 6
8153 4
8154 7
8155 14
8156 5
8157 8
8158 5
8159 5
8160 7
8161 5
8162 5
8163 7
8164 15
8165 7
8166 2
8167 9
8168 7
8169 6
8170 5
8171 4
8172 5
8173 5
8174 11
8175 5
8176 4
8177 4
8178 6
8179 5
8180 4
8181 3
8182 10
8183 9
8184 7
8185 6
8186 4
8187 5
8188 8
8189 5
8190 6
8191 5
8192 3
8193 3
8194 5
8195 4
8196 3
8197 5
8198 3
8199 6
8200 6
8201 5
8202 4
8203 5
8204 5
8205 5
8206 8
8207 6
8208 7
8209 5
8210 5
8211 5
8212 7
8213 5
8214 5
8215 7
8216 4
8217 6
8218 7
8219 5
8220 5
8221 5
8222 4
8223 6
8224 4
8225 5
8226 5
8227 3
8228 6
8229 16
8230 6
8231 3
8232 5
8233 10
8234 7
8235 13
8236 4
8237 4
8238 3
8239 5
8240 8
8241 8
8242 15
8243 5
8244 8
8245 5
8246 8
8247 5
8248 6
8249 5
8250 7
8251 5
8252 5
8253 5
8254 5
8255 4
8256 6
8257 5
8258 5
8259 6
8260 3
8261 6
8262 40
8263 5
8264 6
8265 3
8266 4
8267 7
8268 4
8269 8
8270 6
8271 5
8272 8
8273 6
8274 6
8275 5
8276 38
8277 31
8278 21
8279 8
8280 14
8281 31
8282 7
8283 8
8284 5
8285 4
8286 3
8287 6
8288 10
8289 3
8290 2
8291 3
8292 5
8293 2
8294 4
8295 5
8296 6
8297 5
8298 4
8299 7
8300 5
8301 6
8302 7
8303 6
8304 7
8305 11
8306 8
8307 3
8308 4
8309 6
8310 5
8311 5
8312 9
8313 5
8314 4
8315 7
8316 7
8317 3
8318 10
8319 4
8320 6
8321 8
8322 4
8323 5
8324 5
8325 5
8326 4
8327 5
8328 3
8329 4
8330 5
8331 5
8332 5
8333 4
8334 4
8335 4
8336 4
8337 7
8338 6
8339 7
8340 5
8341 6
8342 4
8343 5
8344 5
8345 5
8346 6
8347 5
8348 11
8349 4
8350 3
8351 7
8352 4
8353 4
8354 5
8355 4
8356 5
8357 8
8358 6
8359 3
8360 4
8361 4
8362 5
8363 5
8364 4
8365 5
8366 4
8367 5
8368 8
8369 5
8370 4
8371 3
8372 5
8373 4
8374 5
8375 5
8376 8
8377 11
8378 13
8379 5
8380 5
8381 4
8382 5
8383 6
8384 5
8385 9
8386 5
8387 4
8388 6
8389 5
8390 4
8391 4
8392 7
8393 5
8394 4
8395 8
8396 15
8397 3
8398 9
8399 4
8400 3
8401 19
8402 5
8403 6
8404 7
8405 4
8406 5
8407 4
8408 5
8409 7
8410 3
8411 5
8412 3
8413 4
8414 5
8415 3
8416 7
8417 4
8418 5
8419 7
8420 7
8421 4
8422 3
8423 5
8424 5
8425 6
8426 8
8427 3
8428 4
8429 7
8430 5
8431 5
8432 4
8433 7
8434 9
8435 6
8436 3
8437 4
8438 4
8439 11
8440 6
8441 7
8442 5
8443 4
8444 7
8445 5
8446 6
8447 7
8448 7
8449 6
8450 5
8451 6
8452 8
8453 4
8454 5
8455 7
8456 3
8457 4
8458 5
8459 6
8460 5
8461 6
8462 4
8463 4
8464 4
8465 5
8466 2
8467 6
8468 4
8469 18
8470 5
8471 26
8472 17
8473 14
8474 19
8475 16
8476 6
8477 6
8478 7
8479 7
8480 18
8481 25
8482 25
8483 16
8484 6
8485 5
8486 6
8487 5
8488 4
8489 5
8490 5
8491 3
8492 7
8493 4
8494 3
8495 5
8496 3
8497 5
8498 4
8499 6
8500 4
8501 4
8502 5
8503 5
8504 4
8505 3
8506 5
8507 7
8508 6
8509 5
8510 5
8511 7
8512 4
8513 4
8514 4
8515 5
8516 6
8517 5
8518 9
8519 5
8520 7
8521 6
8522 3
8523 4
8524 5
8525 2
8526 4
8527 3
8528 4
8529 5
8530 5
8531 5
8532 3
8533 3
8534 5
8535 6
8536 3
8537 8
8538 6
8539 7
8540 3
8541 2
8542 4
8543 6
8544 5
8545 4
8546 4
8547 4
8548 4
8549 3
8550 3
8551 5
8552 6
8553 5
8554 4
8555 4
8556 5
8557 4
8558 4
8559 4
8560 5
8561 4
8562 4
8563 6
8564 4
8565 7
8566 4
8567 5
8568 4
8569 5
8570 2
8571 4
8572 4
8573 4
8574 4
8575 4
8576 6
8577 4
8578 3
8579 3
8580 4
8581 5
8582 5
8583 5
8584 4
8585 3
8586 5
8587 4
8588 4
8589 3
8590 4
8591 7
8592 3
8593 3
8594 3
8595 4
8596 3
8597 4
8598 3
8599 5
8600 2
8601 2
8602 4
8603 22
8604 4
8605 3
8606 2
8607 5
8608 5
8609 4
8610 4
8611 3
8612 5
8613 7
8614 5
8615 4
8616 5
8617 5
8618 5
8619 4
8620 6
8621 3
8622 3
8623 4
8624 7
8625 5
8626 9
8627 4
8628 9
8629 5
8630 5
8631 3
8632 6
8633 5
8634 3
8635 4
8636 5
8637 5
8638 5
8639 3
8640 4
8641 5
8642 7
8643 3
8644 4
8645 4
8646 8
8647 9
8648 3
8649 3
8650 7
8651 6
8652 1
8653 5
8654 7
8655 5
8656 8
8657 5
8658 7
8659 4
8660 5
8661 4
8662 5
8663 5
8664 5
8665 3
8666 3
8667 5
8668 3
8669 5
8670 6
8671 4
8672 6
8673 6
8674 6
8675 2
8676 6
8677 3
